1
7
4
8
6
8
8
8
2
4
2
7
3
3
2
6
8
8
8
4
2
4
3
6
8
2
4
8
8
8
6
6
8
2
3
4
3
4
2
8
8
6
8
6
8
3
2
4
3
4
3
2
8
8
6
3
7
6
6
7
3
3
7
6
8
6
6
8
2
3
4
3
7
8
8
2
4
7
3
6
8
4
7
8
2
4
2
8
8
7
4
8
6
7
3
8
2
6
8
4
7
2
4
2
8
3
7
8
8
8
6
2
3
2
4
8
8
4
3
6
8
8
2
3
4
6
8
7
3
3
7
6
6
8
6
7
3
6
6
4
3
3
7
2
8
8
6
2
8
7
4
3
7
3
3
6
6
6
2
6
8
3
3
3
4
7
7
6
8
8
6
2
6
3
3
3
4
7
7
6
8
6
8
7
3
4
7
8
2
3
3
6
6
3
3
7
7
6
8
3
4
6
8
6
2
6
6
2
8
3
3
7
4
3
7
8
6
7
7
7
7
8
8
4
4
8
8
2
2
6
8
8
6
4
3
3
4
2
2
8
8
8
8
2
8
7
7
4
7
2
8
4
7
8
8
4
7
8
8
7
4
6
2
2
3
8
2
3
3
4
7
6
6
6
8
7
3
3
3
7
7
8
6
6
8
3
4
2
6
7
4
8
8
7
4
8
8
2
6
3
2
7
7
8
8
7
4
8
2
8
2
7
4
3
4
4
3
6
8
8
8
8
6
2
2
2
6
3
2
2
3
6
2
2
2
2
