resources/TT_library/dim6/q_6_1.tt
// Dimension:
6
// F:
0 1 8 15 27 14 35 48 53 39 43 63 47 41 1 1 41 15 15 47 52 6 34 22 20 33 36 23 8 41 8 47 36 52 35 53 35 39 20 22 33 34 48 53 39 48 6 23 22 33 63 14 23 52 14 43 27 63 36 6 27 43 20 34 
// G:
0 31 12 49 26 49 4 13 45 26 58 47 59 56 62 31 42 48 62 6 27 53 29 17 23 37 24 8 42 44 55 19 44 14 30 30 34 52 2 54 18 24 59 19 16 46 43 55 0 39 42 47 37 54 29 44 46 33 31 50 7 60 36 61 

** WALSH TRANSFORM **
// Number of permutations:
1008 
// l1:
0 3 1 2 38 37 39 36 32 35 33 34 6 5 7 4 9 10 8 11 47 44 46 45 41 42 40 43 15 12 14 13 58 57 59 56 28 31 29 30 26 25 27 24 60 63 61 62 51 48 50 49 21 22 20 23 19 16 18 17 53 54 52 55 
// l2:
0 27 57 34 25 2 32 59 60 39 5 30 37 62 28 7 8 19 49 42 17 10 40 51 52 47 13 22 45 54 20 15 23 12 46 53 14 21 55 44 43 48 18 9 50 41 11 16 31 4 38 61 6 29 63 36 35 56 26 1 58 33 3 24 
// l:
0 50 59 9 35 17 24 42 6 52 61 15 37 23 30 44 60 14 7 53 31 45 36 22 58 8 1 51 25 43 34 16 2 48 57 11 33 19 26 40 4 54 63 13 39 21 28 46 62 12 5 55 29 47 38 20 56 10 3 49 27 41 32 18 

Walsh Transform:
Time spent partitioning: 0.006783 
Time spent outer permutation: 0.046416 
Time spent inner permutation: 0.002423 
Total time spent: 0.061246 

** NEW ALGORITHM **
// Number of permutations:
1008 
// l1:
0 3 1 2 38 37 39 36 32 35 33 34 6 5 7 4 9 10 8 11 47 44 46 45 41 42 40 43 15 12 14 13 58 57 59 56 28 31 29 30 26 25 27 24 60 63 61 62 51 48 50 49 21 22 20 23 19 16 18 17 53 54 52 55 
// l2:
0 27 57 34 25 2 32 59 60 39 5 30 37 62 28 7 8 19 49 42 17 10 40 51 52 47 13 22 45 54 20 15 23 12 46 53 14 21 55 44 43 48 18 9 50 41 11 16 31 4 38 61 6 29 63 36 35 56 26 1 58 33 3 24 
// l:
0 50 59 9 35 17 24 42 6 52 61 15 37 23 30 44 60 14 7 53 31 45 36 22 58 8 1 51 25 43 34 16 2 48 57 11 33 19 26 40 4 54 63 13 39 21 28 46 62 12 5 55 29 47 38 20 56 10 3 49 27 41 32 18 

New algorithm:
Time spent partitioning: 0.005781 
Time spent outer permutation: 0.049430 
Time spent inner permutation: 0.003319 
Total time spent: 0.058686 
