1
3
4
5
6
6
4
15
5
2
4
15
6
4
6
3
15
4
6
3
15
6
6
2
4
6
2
15
15
4
6
6
5
15
3
3
2
4
15
4
5
3
6
4
4
6
4
6
6
3
4
2
2
4
6
6
3
3
2
4
4
4
3
4
3
3
2
2
3
2
6
3
3
4
3
3
3
3
4
4
2
4
3
6
6
3
4
3
4
2
3
6
2
3
2
2
2
2
15
4
6
5
6
6
6
15
4
3
15
3
2
4
6
3
6
6
5
4
15
4
4
15
15
15
6
6
5
6
6
3
4
2
4
4
4
4
5
6
6
3
6
15
2
4
3
4
6
15
5
6
6
15
2
2
3
6
5
15
3
6
4
4
15
4
6
6
3
4
4
6
4
15
4
15
2
6
15
6
4
5
6
6
3
6
3
4
6
2
4
3
5
4
15
5
5
3
6
6
6
6
4
4
2
15
4
4
4
6
15
3
15
3
6
6
4
15
2
15
3
4
4
2
4
4
6
6
15
6
15
4
15
5
2
4
5
6
6
6
6
3
3
4
6
2
4
15
15
3
3
3
4
5
15
4
15
6
6
4
2
6
4
6
5
6
6
6
4
15
6
3
4
3
5
2
4
15
15
6
15
4
3
6
6
4
6
6
5
4
2
4
5
15
4
3
2
6
4
2
6
3
6
6
6
6
15
15
4
4
6
3
5
4
15
6
15
4
4
6
15
3
4
2
2
6
4
5
15
3
6
5
4
6
15
6
6
4
3
4
3
3
4
2
3
2
3
2
2
2
4
3
2
3
4
2
4
4
3
3
2
2
