../TT_library/dim6/q_6_1.tt
6
0 31 12 49 26 49 4 13 45 26 58 47 59 56 62 31 42 48 62 6 27 53 29 17 23 37 24 8 42 44 55 19 44 14 30 30 34 52 2 54 18 24 59 19 16 46 43 55 0 39 42 47 37 54 29 44 46 33 31 50 7 60 36 61 
L1:
6
0 3 1 2 38 37 39 36 32 35 33 34 6 5 7 4 9 10 8 11 47 44 46 45 41 42 40 43 15 12 14 13 58 57 59 56 28 31 29 30 26 25 27 24 60 63 61 62 51 48 50 49 21 22 20 23 19 16 18 17 53 54 52 55 

A2:
6
0 52 50 6 40 28 26 46 4 48 54 2 44 24 30 42 43 31 25 45 3 55 49 5 47 27 29 41 7 51 53 1 39 19 21 33 15 59 61 9 35 23 17 37 11 63 57 13 12 56 62 10 36 16 22 34 8 60 58 14 32 20 18 38 

A:
6
0 50 59 9 35 17 24 42 6 52 61 15 37 23 30 44 60 14 7 53 31 45 36 22 58 8 1 51 25 43 34 16 2 48 57 11 33 19 26 40 4 54 63 13 39 21 28 46 62 12 5 55 29 47 38 20 56 10 3 49 27 41 32 18 

Counter: 0
Running times:
Time spent partitioning: 0.005768 
Time spent outer permutation: 0.000000 
Time spent inner permutation: 0.003992 
Total time spent: 0.009822 
../TT_library/dim6/q_6_1.tt
6
0 31 12 49 26 49 4 13 45 26 58 47 59 56 62 31 42 48 62 6 27 53 29 17 23 37 24 8 42 44 55 19 44 14 30 30 34 52 2 54 18 24 59 19 16 46 43 55 0 39 42 47 37 54 29 44 46 33 31 50 7 60 36 61 
L1:
6
0 3 1 2 38 37 39 36 32 35 33 34 6 5 7 4 9 10 8 11 47 44 46 45 41 42 40 43 15 12 14 13 58 57 59 56 28 31 29 30 26 25 27 24 60 63 61 62 51 48 50 49 21 22 20 23 19 16 18 17 53 54 52 55 

A2:
6
0 52 50 6 40 28 26 46 4 48 54 2 44 24 30 42 43 31 25 45 3 55 49 5 47 27 29 41 7 51 53 1 39 19 21 33 15 59 61 9 35 23 17 37 11 63 57 13 12 56 62 10 36 16 22 34 8 60 58 14 32 20 18 38 

A:
6
0 50 59 9 35 17 24 42 6 52 61 15 37 23 30 44 60 14 7 53 31 45 36 22 58 8 1 51 25 43 34 16 2 48 57 11 33 19 26 40 4 54 63 13 39 21 28 46 62 12 5 55 29 47 38 20 56 10 3 49 27 41 32 18 

Counter: 0
Running times:
Time spent partitioning: 0.006533 
Time spent outer permutation: 0.000000 
Time spent inner permutation: 0.004109 
Total time spent: 0.010712 
../TT_library/dim6/q_6_1.tt
6
0 31 12 49 26 49 4 13 45 26 58 47 59 56 62 31 42 48 62 6 27 53 29 17 23 37 24 8 42 44 55 19 44 14 30 30 34 52 2 54 18 24 59 19 16 46 43 55 0 39 42 47 37 54 29 44 46 33 31 50 7 60 36 61 
L1:
6
0 3 1 2 38 37 39 36 32 35 33 34 6 5 7 4 9 10 8 11 47 44 46 45 41 42 40 43 15 12 14 13 58 57 59 56 28 31 29 30 26 25 27 24 60 63 61 62 51 48 50 49 21 22 20 23 19 16 18 17 53 54 52 55 

A2:
6
0 52 50 6 40 28 26 46 4 48 54 2 44 24 30 42 43 31 25 45 3 55 49 5 47 27 29 41 7 51 53 1 39 19 21 33 15 59 61 9 35 23 17 37 11 63 57 13 12 56 62 10 36 16 22 34 8 60 58 14 32 20 18 38 

A:
6
0 50 59 9 35 17 24 42 6 52 61 15 37 23 30 44 60 14 7 53 31 45 36 22 58 8 1 51 25 43 34 16 2 48 57 11 33 19 26 40 4 54 63 13 39 21 28 46 62 12 5 55 29 47 38 20 56 10 3 49 27 41 32 18 

Counter: 0
Running times:
Time spent partitioning: 0.005830 
Time spent outer permutation: 0.000000 
Time spent inner permutation: 0.004226 
Total time spent: 0.010118 
../TT_library/dim6/q_6_1.tt
6
0 31 12 49 26 49 4 13 45 26 58 47 59 56 62 31 42 48 62 6 27 53 29 17 23 37 24 8 42 44 55 19 44 14 30 30 34 52 2 54 18 24 59 19 16 46 43 55 0 39 42 47 37 54 29 44 46 33 31 50 7 60 36 61 
L1:
6
0 3 1 2 38 37 39 36 32 35 33 34 6 5 7 4 9 10 8 11 47 44 46 45 41 42 40 43 15 12 14 13 58 57 59 56 28 31 29 30 26 25 27 24 60 63 61 62 51 48 50 49 21 22 20 23 19 16 18 17 53 54 52 55 

A2:
6
0 52 50 6 40 28 26 46 4 48 54 2 44 24 30 42 43 31 25 45 3 55 49 5 47 27 29 41 7 51 53 1 39 19 21 33 15 59 61 9 35 23 17 37 11 63 57 13 12 56 62 10 36 16 22 34 8 60 58 14 32 20 18 38 

A:
6
0 50 59 9 35 17 24 42 6 52 61 15 37 23 30 44 60 14 7 53 31 45 36 22 58 8 1 51 25 43 34 16 2 48 57 11 33 19 26 40 4 54 63 13 39 21 28 46 62 12 5 55 29 47 38 20 56 10 3 49 27 41 32 18 

Counter: 0
Running times:
Time spent partitioning: 0.010060 
Time spent outer permutation: 0.000000 
Time spent inner permutation: 0.005999 
Total time spent: 0.016153 
../TT_library/dim6/q_6_1.tt
6
0 31 12 49 26 49 4 13 45 26 58 47 59 56 62 31 42 48 62 6 27 53 29 17 23 37 24 8 42 44 55 19 44 14 30 30 34 52 2 54 18 24 59 19 16 46 43 55 0 39 42 47 37 54 29 44 46 33 31 50 7 60 36 61 
L1:
6
0 3 1 2 38 37 39 36 32 35 33 34 6 5 7 4 9 10 8 11 47 44 46 45 41 42 40 43 15 12 14 13 58 57 59 56 28 31 29 30 26 25 27 24 60 63 61 62 51 48 50 49 21 22 20 23 19 16 18 17 53 54 52 55 

A2:
6
0 52 50 6 40 28 26 46 4 48 54 2 44 24 30 42 43 31 25 45 3 55 49 5 47 27 29 41 7 51 53 1 39 19 21 33 15 59 61 9 35 23 17 37 11 63 57 13 12 56 62 10 36 16 22 34 8 60 58 14 32 20 18 38 

A:
6
0 50 59 9 35 17 24 42 6 52 61 15 37 23 30 44 60 14 7 53 31 45 36 22 58 8 1 51 25 43 34 16 2 48 57 11 33 19 26 40 4 54 63 13 39 21 28 46 62 12 5 55 29 47 38 20 56 10 3 49 27 41 32 18 

Counter: 0
Running times:
Time spent partitioning: 0.014469 
Time spent outer permutation: 0.000000 
Time spent inner permutation: 0.010092 
Total time spent: 0.024714 
../TT_library/dim6/q_6_10.tt
6
0 63 13 59 16 52 33 12 37 61 41 56 2 1 50 56 45 47 60 55 9 16 36 52 42 15 58 22 57 7 21 34 8 26 3 24 31 22 40 40 12 57 6 58 44 2 26 61 42 5 61 27 9 61 34 31 12 4 26 27 24 11 50 40 
L1:
6
0 39 6 33 41 14 47 8 51 20 53 18 26 61 28 59 17 54 23 48 56 31 62 25 34 5 36 3 11 44 13 42 63 24 57 30 22 49 16 55 12 43 10 45 37 2 35 4 46 9 40 15 7 32 1 38 29 58 27 60 52 19 50 21 

A2:
6
0 10 44 38 41 35 5 15 13 7 33 43 36 46 8 2 58 48 22 28 19 25 63 53 55 61 27 17 30 20 50 56 45 39 1 11 4 14 40 34 32 42 12 6 9 3 37 47 23 29 59 49 62 52 18 24 26 16 54 60 51 57 31 21 

A:
6
0 50 59 9 35 17 24 42 6 52 61 15 37 23 30 44 60 14 7 53 31 45 36 22 58 8 1 51 25 43 34 16 2 48 57 11 33 19 26 40 4 54 63 13 39 21 28 46 62 12 5 55 29 47 38 20 56 10 3 49 27 41 32 18 

Counter: 4
Running times:
Time spent partitioning: 0.004768 
Time spent outer permutation: 0.000000 
Time spent inner permutation: 0.006605 
Total time spent: 0.038303 
../TT_library/dim6/q_6_10.tt
6
0 63 13 59 16 52 33 12 37 61 41 56 2 1 50 56 45 47 60 55 9 16 36 52 42 15 58 22 57 7 21 34 8 26 3 24 31 22 40 40 12 57 6 58 44 2 26 61 42 5 61 27 9 61 34 31 12 4 26 27 24 11 50 40 
L1:
6
0 39 6 33 41 14 47 8 51 20 53 18 26 61 28 59 17 54 23 48 56 31 62 25 34 5 36 3 11 44 13 42 63 24 57 30 22 49 16 55 12 43 10 45 37 2 35 4 46 9 40 15 7 32 1 38 29 58 27 60 52 19 50 21 

A2:
6
0 10 44 38 41 35 5 15 13 7 33 43 36 46 8 2 58 48 22 28 19 25 63 53 55 61 27 17 30 20 50 56 45 39 1 11 4 14 40 34 32 42 12 6 9 3 37 47 23 29 59 49 62 52 18 24 26 16 54 60 51 57 31 21 

A:
6
0 50 59 9 35 17 24 42 6 52 61 15 37 23 30 44 60 14 7 53 31 45 36 22 58 8 1 51 25 43 34 16 2 48 57 11 33 19 26 40 4 54 63 13 39 21 28 46 62 12 5 55 29 47 38 20 56 10 3 49 27 41 32 18 

Counter: 4
Running times:
Time spent partitioning: 0.004798 
Time spent outer permutation: 0.000000 
Time spent inner permutation: 0.006169 
Total time spent: 0.038136 
../TT_library/dim6/q_6_10.tt
6
0 63 13 59 16 52 33 12 37 61 41 56 2 1 50 56 45 47 60 55 9 16 36 52 42 15 58 22 57 7 21 34 8 26 3 24 31 22 40 40 12 57 6 58 44 2 26 61 42 5 61 27 9 61 34 31 12 4 26 27 24 11 50 40 
L1:
6
0 39 6 33 41 14 47 8 51 20 53 18 26 61 28 59 17 54 23 48 56 31 62 25 34 5 36 3 11 44 13 42 63 24 57 30 22 49 16 55 12 43 10 45 37 2 35 4 46 9 40 15 7 32 1 38 29 58 27 60 52 19 50 21 

A2:
6
0 10 44 38 41 35 5 15 13 7 33 43 36 46 8 2 58 48 22 28 19 25 63 53 55 61 27 17 30 20 50 56 45 39 1 11 4 14 40 34 32 42 12 6 9 3 37 47 23 29 59 49 62 52 18 24 26 16 54 60 51 57 31 21 

A:
6
0 50 59 9 35 17 24 42 6 52 61 15 37 23 30 44 60 14 7 53 31 45 36 22 58 8 1 51 25 43 34 16 2 48 57 11 33 19 26 40 4 54 63 13 39 21 28 46 62 12 5 55 29 47 38 20 56 10 3 49 27 41 32 18 

Counter: 4
Running times:
Time spent partitioning: 0.005121 
Time spent outer permutation: 0.000000 
Time spent inner permutation: 0.014903 
Total time spent: 0.060088 
../TT_library/dim6/q_6_10.tt
6
0 63 13 59 16 52 33 12 37 61 41 56 2 1 50 56 45 47 60 55 9 16 36 52 42 15 58 22 57 7 21 34 8 26 3 24 31 22 40 40 12 57 6 58 44 2 26 61 42 5 61 27 9 61 34 31 12 4 26 27 24 11 50 40 
L1:
6
0 39 6 33 41 14 47 8 51 20 53 18 26 61 28 59 17 54 23 48 56 31 62 25 34 5 36 3 11 44 13 42 63 24 57 30 22 49 16 55 12 43 10 45 37 2 35 4 46 9 40 15 7 32 1 38 29 58 27 60 52 19 50 21 

A2:
6
0 10 44 38 41 35 5 15 13 7 33 43 36 46 8 2 58 48 22 28 19 25 63 53 55 61 27 17 30 20 50 56 45 39 1 11 4 14 40 34 32 42 12 6 9 3 37 47 23 29 59 49 62 52 18 24 26 16 54 60 51 57 31 21 

A:
6
0 50 59 9 35 17 24 42 6 52 61 15 37 23 30 44 60 14 7 53 31 45 36 22 58 8 1 51 25 43 34 16 2 48 57 11 33 19 26 40 4 54 63 13 39 21 28 46 62 12 5 55 29 47 38 20 56 10 3 49 27 41 32 18 

Counter: 4
Running times:
Time spent partitioning: 0.011491 
Time spent outer permutation: 0.000000 
Time spent inner permutation: 0.006452 
Total time spent: 0.064573 
../TT_library/dim6/q_6_10.tt
6
0 63 13 59 16 52 33 12 37 61 41 56 2 1 50 56 45 47 60 55 9 16 36 52 42 15 58 22 57 7 21 34 8 26 3 24 31 22 40 40 12 57 6 58 44 2 26 61 42 5 61 27 9 61 34 31 12 4 26 27 24 11 50 40 
L1:
6
0 39 6 33 41 14 47 8 51 20 53 18 26 61 28 59 17 54 23 48 56 31 62 25 34 5 36 3 11 44 13 42 63 24 57 30 22 49 16 55 12 43 10 45 37 2 35 4 46 9 40 15 7 32 1 38 29 58 27 60 52 19 50 21 

A2:
6
0 10 44 38 41 35 5 15 13 7 33 43 36 46 8 2 58 48 22 28 19 25 63 53 55 61 27 17 30 20 50 56 45 39 1 11 4 14 40 34 32 42 12 6 9 3 37 47 23 29 59 49 62 52 18 24 26 16 54 60 51 57 31 21 

A:
6
0 50 59 9 35 17 24 42 6 52 61 15 37 23 30 44 60 14 7 53 31 45 36 22 58 8 1 51 25 43 34 16 2 48 57 11 33 19 26 40 4 54 63 13 39 21 28 46 62 12 5 55 29 47 38 20 56 10 3 49 27 41 32 18 

Counter: 4
Running times:
Time spent partitioning: 0.004568 
Time spent outer permutation: 0.000000 
Time spent inner permutation: 0.007757 
Total time spent: 0.066247 
../TT_library/dim6/q_6_11.tt
6
0 34 42 46 41 31 32 48 20 43 25 0 50 25 28 17 34 13 26 19 52 15 47 50 44 30 51 39 53 19 9 9 23 46 62 33 53 24 63 52 6 34 8 10 43 27 6 16 55 3 12 30 42 10 50 52 60 21 32 47 46 19 17 10 
L1:
6
0 39 6 33 41 14 47 8 51 20 53 18 26 61 28 59 17 54 23 48 56 31 62 25 34 5 36 3 11 44 13 42 63 24 57 30 22 49 16 55 12 43 10 45 37 2 35 4 46 9 40 15 7 32 1 38 29 58 27 60 52 19 50 21 

A2:
6
0 10 44 38 41 35 5 15 13 7 33 43 36 46 8 2 58 48 22 28 19 25 63 53 55 61 27 17 30 20 50 56 45 39 1 11 4 14 40 34 32 42 12 6 9 3 37 47 23 29 59 49 62 52 18 24 26 16 54 60 51 57 31 21 

A:
6
0 50 59 9 35 17 24 42 6 52 61 15 37 23 30 44 60 14 7 53 31 45 36 22 58 8 1 51 25 43 34 16 2 48 57 11 33 19 26 40 4 54 63 13 39 21 28 46 62 12 5 55 29 47 38 20 56 10 3 49 27 41 32 18 

Counter: 2
Running times:
Time spent partitioning: 0.004493 
Time spent outer permutation: 0.000000 
Time spent inner permutation: 0.005898 
Total time spent: 0.026785 
../TT_library/dim6/q_6_11.tt
6
0 34 42 46 41 31 32 48 20 43 25 0 50 25 28 17 34 13 26 19 52 15 47 50 44 30 51 39 53 19 9 9 23 46 62 33 53 24 63 52 6 34 8 10 43 27 6 16 55 3 12 30 42 10 50 52 60 21 32 47 46 19 17 10 
L1:
6
0 39 6 33 41 14 47 8 51 20 53 18 26 61 28 59 17 54 23 48 56 31 62 25 34 5 36 3 11 44 13 42 63 24 57 30 22 49 16 55 12 43 10 45 37 2 35 4 46 9 40 15 7 32 1 38 29 58 27 60 52 19 50 21 

A2:
6
0 10 44 38 41 35 5 15 13 7 33 43 36 46 8 2 58 48 22 28 19 25 63 53 55 61 27 17 30 20 50 56 45 39 1 11 4 14 40 34 32 42 12 6 9 3 37 47 23 29 59 49 62 52 18 24 26 16 54 60 51 57 31 21 

A:
6
0 50 59 9 35 17 24 42 6 52 61 15 37 23 30 44 60 14 7 53 31 45 36 22 58 8 1 51 25 43 34 16 2 48 57 11 33 19 26 40 4 54 63 13 39 21 28 46 62 12 5 55 29 47 38 20 56 10 3 49 27 41 32 18 

Counter: 2
Running times:
Time spent partitioning: 0.005799 
Time spent outer permutation: 0.000000 
Time spent inner permutation: 0.005842 
Total time spent: 0.027752 
../TT_library/dim6/q_6_11.tt
6
0 34 42 46 41 31 32 48 20 43 25 0 50 25 28 17 34 13 26 19 52 15 47 50 44 30 51 39 53 19 9 9 23 46 62 33 53 24 63 52 6 34 8 10 43 27 6 16 55 3 12 30 42 10 50 52 60 21 32 47 46 19 17 10 
L1:
6
0 39 6 33 41 14 47 8 51 20 53 18 26 61 28 59 17 54 23 48 56 31 62 25 34 5 36 3 11 44 13 42 63 24 57 30 22 49 16 55 12 43 10 45 37 2 35 4 46 9 40 15 7 32 1 38 29 58 27 60 52 19 50 21 

A2:
6
0 10 44 38 41 35 5 15 13 7 33 43 36 46 8 2 58 48 22 28 19 25 63 53 55 61 27 17 30 20 50 56 45 39 1 11 4 14 40 34 32 42 12 6 9 3 37 47 23 29 59 49 62 52 18 24 26 16 54 60 51 57 31 21 

A:
6
0 50 59 9 35 17 24 42 6 52 61 15 37 23 30 44 60 14 7 53 31 45 36 22 58 8 1 51 25 43 34 16 2 48 57 11 33 19 26 40 4 54 63 13 39 21 28 46 62 12 5 55 29 47 38 20 56 10 3 49 27 41 32 18 

Counter: 2
Running times:
Time spent partitioning: 0.005805 
Time spent outer permutation: 0.000000 
Time spent inner permutation: 0.005850 
Total time spent: 0.027603 
../TT_library/dim6/q_6_11.tt
6
0 34 42 46 41 31 32 48 20 43 25 0 50 25 28 17 34 13 26 19 52 15 47 50 44 30 51 39 53 19 9 9 23 46 62 33 53 24 63 52 6 34 8 10 43 27 6 16 55 3 12 30 42 10 50 52 60 21 32 47 46 19 17 10 
L1:
6
0 39 6 33 41 14 47 8 51 20 53 18 26 61 28 59 17 54 23 48 56 31 62 25 34 5 36 3 11 44 13 42 63 24 57 30 22 49 16 55 12 43 10 45 37 2 35 4 46 9 40 15 7 32 1 38 29 58 27 60 52 19 50 21 

A2:
6
0 10 44 38 41 35 5 15 13 7 33 43 36 46 8 2 58 48 22 28 19 25 63 53 55 61 27 17 30 20 50 56 45 39 1 11 4 14 40 34 32 42 12 6 9 3 37 47 23 29 59 49 62 52 18 24 26 16 54 60 51 57 31 21 

A:
6
0 50 59 9 35 17 24 42 6 52 61 15 37 23 30 44 60 14 7 53 31 45 36 22 58 8 1 51 25 43 34 16 2 48 57 11 33 19 26 40 4 54 63 13 39 21 28 46 62 12 5 55 29 47 38 20 56 10 3 49 27 41 32 18 

Counter: 2
Running times:
Time spent partitioning: 0.005553 
Time spent outer permutation: 0.000000 
Time spent inner permutation: 0.005899 
Total time spent: 0.027715 
../TT_library/dim6/q_6_11.tt
6
0 34 42 46 41 31 32 48 20 43 25 0 50 25 28 17 34 13 26 19 52 15 47 50 44 30 51 39 53 19 9 9 23 46 62 33 53 24 63 52 6 34 8 10 43 27 6 16 55 3 12 30 42 10 50 52 60 21 32 47 46 19 17 10 
L1:
6
0 39 6 33 41 14 47 8 51 20 53 18 26 61 28 59 17 54 23 48 56 31 62 25 34 5 36 3 11 44 13 42 63 24 57 30 22 49 16 55 12 43 10 45 37 2 35 4 46 9 40 15 7 32 1 38 29 58 27 60 52 19 50 21 

A2:
6
0 10 44 38 41 35 5 15 13 7 33 43 36 46 8 2 58 48 22 28 19 25 63 53 55 61 27 17 30 20 50 56 45 39 1 11 4 14 40 34 32 42 12 6 9 3 37 47 23 29 59 49 62 52 18 24 26 16 54 60 51 57 31 21 

A:
6
0 50 59 9 35 17 24 42 6 52 61 15 37 23 30 44 60 14 7 53 31 45 36 22 58 8 1 51 25 43 34 16 2 48 57 11 33 19 26 40 4 54 63 13 39 21 28 46 62 12 5 55 29 47 38 20 56 10 3 49 27 41 32 18 

Counter: 2
Running times:
Time spent partitioning: 0.005807 
Time spent outer permutation: 0.000000 
Time spent inner permutation: 0.005969 
Total time spent: 0.028034 
../TT_library/dim6/q_6_12.tt
6
0 42 51 15 9 43 3 55 57 29 12 62 39 11 43 17 17 3 20 16 0 26 60 48 11 23 8 2 13 25 55 53 35 12 59 2 46 9 15 62 19 50 13 58 9 32 46 17 44 59 2 3 57 38 46 39 63 38 23 24 61 44 44 43 
L1:
6
0 39 6 33 41 14 47 8 51 20 53 18 26 61 28 59 17 54 23 48 56 31 62 25 34 5 36 3 11 44 13 42 63 24 57 30 22 49 16 55 12 43 10 45 37 2 35 4 46 9 40 15 7 32 1 38 29 58 27 60 52 19 50 21 

A2:
6
0 10 44 38 41 35 5 15 13 7 33 43 36 46 8 2 58 48 22 28 19 25 63 53 55 61 27 17 30 20 50 56 45 39 1 11 4 14 40 34 32 42 12 6 9 3 37 47 23 29 59 49 62 52 18 24 26 16 54 60 51 57 31 21 

A:
6
0 50 59 9 35 17 24 42 6 52 61 15 37 23 30 44 60 14 7 53 31 45 36 22 58 8 1 51 25 43 34 16 2 48 57 11 33 19 26 40 4 54 63 13 39 21 28 46 62 12 5 55 29 47 38 20 56 10 3 49 27 41 32 18 

Counter: 4
Running times:
Time spent partitioning: 0.004546 
Time spent outer permutation: 0.000000 
Time spent inner permutation: 0.006141 
Total time spent: 0.044958 
../TT_library/dim6/q_6_12.tt
6
0 42 51 15 9 43 3 55 57 29 12 62 39 11 43 17 17 3 20 16 0 26 60 48 11 23 8 2 13 25 55 53 35 12 59 2 46 9 15 62 19 50 13 58 9 32 46 17 44 59 2 3 57 38 46 39 63 38 23 24 61 44 44 43 
L1:
6
0 39 6 33 41 14 47 8 51 20 53 18 26 61 28 59 17 54 23 48 56 31 62 25 34 5 36 3 11 44 13 42 63 24 57 30 22 49 16 55 12 43 10 45 37 2 35 4 46 9 40 15 7 32 1 38 29 58 27 60 52 19 50 21 

A2:
6
0 10 44 38 41 35 5 15 13 7 33 43 36 46 8 2 58 48 22 28 19 25 63 53 55 61 27 17 30 20 50 56 45 39 1 11 4 14 40 34 32 42 12 6 9 3 37 47 23 29 59 49 62 52 18 24 26 16 54 60 51 57 31 21 

A:
6
0 50 59 9 35 17 24 42 6 52 61 15 37 23 30 44 60 14 7 53 31 45 36 22 58 8 1 51 25 43 34 16 2 48 57 11 33 19 26 40 4 54 63 13 39 21 28 46 62 12 5 55 29 47 38 20 56 10 3 49 27 41 32 18 

Counter: 4
Running times:
Time spent partitioning: 0.004525 
Time spent outer permutation: 0.000000 
Time spent inner permutation: 0.006225 
Total time spent: 0.044955 
../TT_library/dim6/q_6_12.tt
6
0 42 51 15 9 43 3 55 57 29 12 62 39 11 43 17 17 3 20 16 0 26 60 48 11 23 8 2 13 25 55 53 35 12 59 2 46 9 15 62 19 50 13 58 9 32 46 17 44 59 2 3 57 38 46 39 63 38 23 24 61 44 44 43 
L1:
6
0 39 6 33 41 14 47 8 51 20 53 18 26 61 28 59 17 54 23 48 56 31 62 25 34 5 36 3 11 44 13 42 63 24 57 30 22 49 16 55 12 43 10 45 37 2 35 4 46 9 40 15 7 32 1 38 29 58 27 60 52 19 50 21 

A2:
6
0 10 44 38 41 35 5 15 13 7 33 43 36 46 8 2 58 48 22 28 19 25 63 53 55 61 27 17 30 20 50 56 45 39 1 11 4 14 40 34 32 42 12 6 9 3 37 47 23 29 59 49 62 52 18 24 26 16 54 60 51 57 31 21 

A:
6
0 50 59 9 35 17 24 42 6 52 61 15 37 23 30 44 60 14 7 53 31 45 36 22 58 8 1 51 25 43 34 16 2 48 57 11 33 19 26 40 4 54 63 13 39 21 28 46 62 12 5 55 29 47 38 20 56 10 3 49 27 41 32 18 

Counter: 4
Running times:
Time spent partitioning: 0.005822 
Time spent outer permutation: 0.000000 
Time spent inner permutation: 0.006172 
Total time spent: 0.045827 
../TT_library/dim6/q_6_12.tt
6
0 42 51 15 9 43 3 55 57 29 12 62 39 11 43 17 17 3 20 16 0 26 60 48 11 23 8 2 13 25 55 53 35 12 59 2 46 9 15 62 19 50 13 58 9 32 46 17 44 59 2 3 57 38 46 39 63 38 23 24 61 44 44 43 
L1:
6
0 39 6 33 41 14 47 8 51 20 53 18 26 61 28 59 17 54 23 48 56 31 62 25 34 5 36 3 11 44 13 42 63 24 57 30 22 49 16 55 12 43 10 45 37 2 35 4 46 9 40 15 7 32 1 38 29 58 27 60 52 19 50 21 

A2:
6
0 10 44 38 41 35 5 15 13 7 33 43 36 46 8 2 58 48 22 28 19 25 63 53 55 61 27 17 30 20 50 56 45 39 1 11 4 14 40 34 32 42 12 6 9 3 37 47 23 29 59 49 62 52 18 24 26 16 54 60 51 57 31 21 

A:
6
0 50 59 9 35 17 24 42 6 52 61 15 37 23 30 44 60 14 7 53 31 45 36 22 58 8 1 51 25 43 34 16 2 48 57 11 33 19 26 40 4 54 63 13 39 21 28 46 62 12 5 55 29 47 38 20 56 10 3 49 27 41 32 18 

Counter: 4
Running times:
Time spent partitioning: 0.004538 
Time spent outer permutation: 0.000000 
Time spent inner permutation: 0.010855 
Total time spent: 0.061442 
../TT_library/dim6/q_6_12.tt
6
0 42 51 15 9 43 3 55 57 29 12 62 39 11 43 17 17 3 20 16 0 26 60 48 11 23 8 2 13 25 55 53 35 12 59 2 46 9 15 62 19 50 13 58 9 32 46 17 44 59 2 3 57 38 46 39 63 38 23 24 61 44 44 43 
L1:
6
0 39 6 33 41 14 47 8 51 20 53 18 26 61 28 59 17 54 23 48 56 31 62 25 34 5 36 3 11 44 13 42 63 24 57 30 22 49 16 55 12 43 10 45 37 2 35 4 46 9 40 15 7 32 1 38 29 58 27 60 52 19 50 21 

A2:
6
0 10 44 38 41 35 5 15 13 7 33 43 36 46 8 2 58 48 22 28 19 25 63 53 55 61 27 17 30 20 50 56 45 39 1 11 4 14 40 34 32 42 12 6 9 3 37 47 23 29 59 49 62 52 18 24 26 16 54 60 51 57 31 21 

A:
6
0 50 59 9 35 17 24 42 6 52 61 15 37 23 30 44 60 14 7 53 31 45 36 22 58 8 1 51 25 43 34 16 2 48 57 11 33 19 26 40 4 54 63 13 39 21 28 46 62 12 5 55 29 47 38 20 56 10 3 49 27 41 32 18 

Counter: 4
Running times:
Time spent partitioning: 0.014744 
Time spent outer permutation: 0.000000 
Time spent inner permutation: 0.006192 
Total time spent: 0.063963 
../TT_library/dim6/q_6_13.tt
6
0 1 49 26 4 11 30 59 8 50 37 53 63 11 57 39 33 48 44 23 16 15 54 3 31 53 14 14 29 57 39 41 55 49 15 35 29 21 14 44 6 59 34 53 31 44 16 9 62 40 58 6 33 57 14 60 57 20 33 38 21 54 38 47 
L1:
6
0 39 6 33 41 14 47 8 51 20 53 18 26 61 28 59 17 54 23 48 56 31 62 25 34 5 36 3 11 44 13 42 63 24 57 30 22 49 16 55 12 43 10 45 37 2 35 4 46 9 40 15 7 32 1 38 29 58 27 60 52 19 50 21 

A2:
6
0 10 44 38 41 35 5 15 13 7 33 43 36 46 8 2 58 48 22 28 19 25 63 53 55 61 27 17 30 20 50 56 45 39 1 11 4 14 40 34 32 42 12 6 9 3 37 47 23 29 59 49 62 52 18 24 26 16 54 60 51 57 31 21 

A:
6
0 50 59 9 35 17 24 42 6 52 61 15 37 23 30 44 60 14 7 53 31 45 36 22 58 8 1 51 25 43 34 16 2 48 57 11 33 19 26 40 4 54 63 13 39 21 28 46 62 12 5 55 29 47 38 20 56 10 3 49 27 41 32 18 

Counter: 5
Running times:
Time spent partitioning: 0.004505 
Time spent outer permutation: 0.000000 
Time spent inner permutation: 0.006132 
Total time spent: 0.043686 
../TT_library/dim6/q_6_13.tt
6
0 1 49 26 4 11 30 59 8 50 37 53 63 11 57 39 33 48 44 23 16 15 54 3 31 53 14 14 29 57 39 41 55 49 15 35 29 21 14 44 6 59 34 53 31 44 16 9 62 40 58 6 33 57 14 60 57 20 33 38 21 54 38 47 
L1:
6
0 39 6 33 41 14 47 8 51 20 53 18 26 61 28 59 17 54 23 48 56 31 62 25 34 5 36 3 11 44 13 42 63 24 57 30 22 49 16 55 12 43 10 45 37 2 35 4 46 9 40 15 7 32 1 38 29 58 27 60 52 19 50 21 

A2:
6
0 10 44 38 41 35 5 15 13 7 33 43 36 46 8 2 58 48 22 28 19 25 63 53 55 61 27 17 30 20 50 56 45 39 1 11 4 14 40 34 32 42 12 6 9 3 37 47 23 29 59 49 62 52 18 24 26 16 54 60 51 57 31 21 

A:
6
0 50 59 9 35 17 24 42 6 52 61 15 37 23 30 44 60 14 7 53 31 45 36 22 58 8 1 51 25 43 34 16 2 48 57 11 33 19 26 40 4 54 63 13 39 21 28 46 62 12 5 55 29 47 38 20 56 10 3 49 27 41 32 18 

Counter: 5
Running times:
Time spent partitioning: 0.005792 
Time spent outer permutation: 0.000000 
Time spent inner permutation: 0.006101 
Total time spent: 0.044645 
../TT_library/dim6/q_6_13.tt
6
0 1 49 26 4 11 30 59 8 50 37 53 63 11 57 39 33 48 44 23 16 15 54 3 31 53 14 14 29 57 39 41 55 49 15 35 29 21 14 44 6 59 34 53 31 44 16 9 62 40 58 6 33 57 14 60 57 20 33 38 21 54 38 47 
L1:
6
0 39 6 33 41 14 47 8 51 20 53 18 26 61 28 59 17 54 23 48 56 31 62 25 34 5 36 3 11 44 13 42 63 24 57 30 22 49 16 55 12 43 10 45 37 2 35 4 46 9 40 15 7 32 1 38 29 58 27 60 52 19 50 21 

A2:
6
0 10 44 38 41 35 5 15 13 7 33 43 36 46 8 2 58 48 22 28 19 25 63 53 55 61 27 17 30 20 50 56 45 39 1 11 4 14 40 34 32 42 12 6 9 3 37 47 23 29 59 49 62 52 18 24 26 16 54 60 51 57 31 21 

A:
6
0 50 59 9 35 17 24 42 6 52 61 15 37 23 30 44 60 14 7 53 31 45 36 22 58 8 1 51 25 43 34 16 2 48 57 11 33 19 26 40 4 54 63 13 39 21 28 46 62 12 5 55 29 47 38 20 56 10 3 49 27 41 32 18 

Counter: 5
Running times:
Time spent partitioning: 0.006952 
Time spent outer permutation: 0.000000 
Time spent inner permutation: 0.006113 
Total time spent: 0.045872 
../TT_library/dim6/q_6_13.tt
6
0 1 49 26 4 11 30 59 8 50 37 53 63 11 57 39 33 48 44 23 16 15 54 3 31 53 14 14 29 57 39 41 55 49 15 35 29 21 14 44 6 59 34 53 31 44 16 9 62 40 58 6 33 57 14 60 57 20 33 38 21 54 38 47 
L1:
6
0 39 6 33 41 14 47 8 51 20 53 18 26 61 28 59 17 54 23 48 56 31 62 25 34 5 36 3 11 44 13 42 63 24 57 30 22 49 16 55 12 43 10 45 37 2 35 4 46 9 40 15 7 32 1 38 29 58 27 60 52 19 50 21 

A2:
6
0 10 44 38 41 35 5 15 13 7 33 43 36 46 8 2 58 48 22 28 19 25 63 53 55 61 27 17 30 20 50 56 45 39 1 11 4 14 40 34 32 42 12 6 9 3 37 47 23 29 59 49 62 52 18 24 26 16 54 60 51 57 31 21 

A:
6
0 50 59 9 35 17 24 42 6 52 61 15 37 23 30 44 60 14 7 53 31 45 36 22 58 8 1 51 25 43 34 16 2 48 57 11 33 19 26 40 4 54 63 13 39 21 28 46 62 12 5 55 29 47 38 20 56 10 3 49 27 41 32 18 

Counter: 5
Running times:
Time spent partitioning: 0.004484 
Time spent outer permutation: 0.000000 
Time spent inner permutation: 0.006114 
Total time spent: 0.060125 
../TT_library/dim6/q_6_13.tt
6
0 1 49 26 4 11 30 59 8 50 37 53 63 11 57 39 33 48 44 23 16 15 54 3 31 53 14 14 29 57 39 41 55 49 15 35 29 21 14 44 6 59 34 53 31 44 16 9 62 40 58 6 33 57 14 60 57 20 33 38 21 54 38 47 
L1:
6
0 39 6 33 41 14 47 8 51 20 53 18 26 61 28 59 17 54 23 48 56 31 62 25 34 5 36 3 11 44 13 42 63 24 57 30 22 49 16 55 12 43 10 45 37 2 35 4 46 9 40 15 7 32 1 38 29 58 27 60 52 19 50 21 

A2:
6
0 10 44 38 41 35 5 15 13 7 33 43 36 46 8 2 58 48 22 28 19 25 63 53 55 61 27 17 30 20 50 56 45 39 1 11 4 14 40 34 32 42 12 6 9 3 37 47 23 29 59 49 62 52 18 24 26 16 54 60 51 57 31 21 

A:
6
0 50 59 9 35 17 24 42 6 52 61 15 37 23 30 44 60 14 7 53 31 45 36 22 58 8 1 51 25 43 34 16 2 48 57 11 33 19 26 40 4 54 63 13 39 21 28 46 62 12 5 55 29 47 38 20 56 10 3 49 27 41 32 18 

Counter: 5
Running times:
Time spent partitioning: 0.010034 
Time spent outer permutation: 0.000000 
Time spent inner permutation: 0.006106 
Total time spent: 0.070203 
../TT_library/dim6/q_6_14.tt
6
0 18 35 9 60 54 40 26 57 53 35 23 46 58 3 47 33 62 46 9 53 50 13 50 1 23 55 25 62 48 63 9 17 36 9 4 14 35 33 52 2 62 35 39 54 18 32 60 38 9 18 5 17 38 18 29 59 10 54 63 39 14 29 12 
L1:
6
0 39 6 33 41 14 47 8 51 20 53 18 26 61 28 59 17 54 23 48 56 31 62 25 34 5 36 3 11 44 13 42 63 24 57 30 22 49 16 55 12 43 10 45 37 2 35 4 46 9 40 15 7 32 1 38 29 58 27 60 52 19 50 21 

A2:
6
0 10 44 38 41 35 5 15 13 7 33 43 36 46 8 2 58 48 22 28 19 25 63 53 55 61 27 17 30 20 50 56 45 39 1 11 4 14 40 34 32 42 12 6 9 3 37 47 23 29 59 49 62 52 18 24 26 16 54 60 51 57 31 21 

A:
6
0 50 59 9 35 17 24 42 6 52 61 15 37 23 30 44 60 14 7 53 31 45 36 22 58 8 1 51 25 43 34 16 2 48 57 11 33 19 26 40 4 54 63 13 39 21 28 46 62 12 5 55 29 47 38 20 56 10 3 49 27 41 32 18 

Counter: 25
Running times:
Time spent partitioning: 0.005949 
Time spent outer permutation: 0.000000 
Time spent inner permutation: 0.002448 
Total time spent: 0.065751 
../TT_library/dim6/q_6_14.tt
6
0 18 35 9 60 54 40 26 57 53 35 23 46 58 3 47 33 62 46 9 53 50 13 50 1 23 55 25 62 48 63 9 17 36 9 4 14 35 33 52 2 62 35 39 54 18 32 60 38 9 18 5 17 38 18 29 59 10 54 63 39 14 29 12 
L1:
6
0 39 6 33 41 14 47 8 51 20 53 18 26 61 28 59 17 54 23 48 56 31 62 25 34 5 36 3 11 44 13 42 63 24 57 30 22 49 16 55 12 43 10 45 37 2 35 4 46 9 40 15 7 32 1 38 29 58 27 60 52 19 50 21 

A2:
6
0 10 44 38 41 35 5 15 13 7 33 43 36 46 8 2 58 48 22 28 19 25 63 53 55 61 27 17 30 20 50 56 45 39 1 11 4 14 40 34 32 42 12 6 9 3 37 47 23 29 59 49 62 52 18 24 26 16 54 60 51 57 31 21 

A:
6
0 50 59 9 35 17 24 42 6 52 61 15 37 23 30 44 60 14 7 53 31 45 36 22 58 8 1 51 25 43 34 16 2 48 57 11 33 19 26 40 4 54 63 13 39 21 28 46 62 12 5 55 29 47 38 20 56 10 3 49 27 41 32 18 

Counter: 25
Running times:
Time spent partitioning: 0.005793 
Time spent outer permutation: 0.000000 
Time spent inner permutation: 0.002423 
Total time spent: 0.065494 
../TT_library/dim6/q_6_14.tt
6
0 18 35 9 60 54 40 26 57 53 35 23 46 58 3 47 33 62 46 9 53 50 13 50 1 23 55 25 62 48 63 9 17 36 9 4 14 35 33 52 2 62 35 39 54 18 32 60 38 9 18 5 17 38 18 29 59 10 54 63 39 14 29 12 
L1:
6
0 39 6 33 41 14 47 8 51 20 53 18 26 61 28 59 17 54 23 48 56 31 62 25 34 5 36 3 11 44 13 42 63 24 57 30 22 49 16 55 12 43 10 45 37 2 35 4 46 9 40 15 7 32 1 38 29 58 27 60 52 19 50 21 

A2:
6
0 10 44 38 41 35 5 15 13 7 33 43 36 46 8 2 58 48 22 28 19 25 63 53 55 61 27 17 30 20 50 56 45 39 1 11 4 14 40 34 32 42 12 6 9 3 37 47 23 29 59 49 62 52 18 24 26 16 54 60 51 57 31 21 

A:
6
0 50 59 9 35 17 24 42 6 52 61 15 37 23 30 44 60 14 7 53 31 45 36 22 58 8 1 51 25 43 34 16 2 48 57 11 33 19 26 40 4 54 63 13 39 21 28 46 62 12 5 55 29 47 38 20 56 10 3 49 27 41 32 18 

Counter: 25
Running times:
Time spent partitioning: 0.005812 
Time spent outer permutation: 0.000000 
Time spent inner permutation: 0.003090 
Total time spent: 0.085763 
../TT_library/dim6/q_6_14.tt
6
0 18 35 9 60 54 40 26 57 53 35 23 46 58 3 47 33 62 46 9 53 50 13 50 1 23 55 25 62 48 63 9 17 36 9 4 14 35 33 52 2 62 35 39 54 18 32 60 38 9 18 5 17 38 18 29 59 10 54 63 39 14 29 12 
L1:
6
0 39 6 33 41 14 47 8 51 20 53 18 26 61 28 59 17 54 23 48 56 31 62 25 34 5 36 3 11 44 13 42 63 24 57 30 22 49 16 55 12 43 10 45 37 2 35 4 46 9 40 15 7 32 1 38 29 58 27 60 52 19 50 21 

A2:
6
0 10 44 38 41 35 5 15 13 7 33 43 36 46 8 2 58 48 22 28 19 25 63 53 55 61 27 17 30 20 50 56 45 39 1 11 4 14 40 34 32 42 12 6 9 3 37 47 23 29 59 49 62 52 18 24 26 16 54 60 51 57 31 21 

A:
6
0 50 59 9 35 17 24 42 6 52 61 15 37 23 30 44 60 14 7 53 31 45 36 22 58 8 1 51 25 43 34 16 2 48 57 11 33 19 26 40 4 54 63 13 39 21 28 46 62 12 5 55 29 47 38 20 56 10 3 49 27 41 32 18 

Counter: 25
Running times:
Time spent partitioning: 0.014527 
Time spent outer permutation: 0.000000 
Time spent inner permutation: 0.002804 
Total time spent: 0.090632 
../TT_library/dim6/q_6_14.tt
6
0 18 35 9 60 54 40 26 57 53 35 23 46 58 3 47 33 62 46 9 53 50 13 50 1 23 55 25 62 48 63 9 17 36 9 4 14 35 33 52 2 62 35 39 54 18 32 60 38 9 18 5 17 38 18 29 59 10 54 63 39 14 29 12 
L1:
6
0 39 6 33 41 14 47 8 51 20 53 18 26 61 28 59 17 54 23 48 56 31 62 25 34 5 36 3 11 44 13 42 63 24 57 30 22 49 16 55 12 43 10 45 37 2 35 4 46 9 40 15 7 32 1 38 29 58 27 60 52 19 50 21 

A2:
6
0 10 44 38 41 35 5 15 13 7 33 43 36 46 8 2 58 48 22 28 19 25 63 53 55 61 27 17 30 20 50 56 45 39 1 11 4 14 40 34 32 42 12 6 9 3 37 47 23 29 59 49 62 52 18 24 26 16 54 60 51 57 31 21 

A:
6
0 50 59 9 35 17 24 42 6 52 61 15 37 23 30 44 60 14 7 53 31 45 36 22 58 8 1 51 25 43 34 16 2 48 57 11 33 19 26 40 4 54 63 13 39 21 28 46 62 12 5 55 29 47 38 20 56 10 3 49 27 41 32 18 

Counter: 25
Running times:
Time spent partitioning: 0.014533 
Time spent outer permutation: 0.000000 
Time spent inner permutation: 0.002433 
Total time spent: 0.092986 
../TT_library/dim6/q_6_2.tt
6
0 52 13 11 62 45 16 49 49 0 48 51 0 22 34 6 12 59 26 31 12 28 57 27 60 14 38 38 51 38 10 45 54 5 34 35 28 8 43 13 52 2 44 40 17 0 42 9 11 59 4 6 31 8 51 22 8 61 11 12 19 1 51 19 
L1:
6
0 1 19 18 16 17 3 2 57 56 42 43 41 40 58 59 7 6 20 21 23 22 4 5 62 63 45 44 46 47 61 60 25 24 10 11 9 8 26 27 32 33 51 50 48 49 35 34 30 31 13 12 14 15 29 28 39 38 52 53 55 54 36 37 

A2:
6
0 44 31 51 46 2 49 29 45 1 50 30 3 47 28 48 36 8 59 23 10 38 21 57 9 37 22 58 39 11 56 20 15 35 16 60 33 13 62 18 34 14 61 17 12 32 19 63 43 7 52 24 5 41 26 54 6 42 25 53 40 4 55 27 

A:
6
0 50 59 9 35 17 24 42 6 52 61 15 37 23 30 44 60 14 7 53 31 45 36 22 58 8 1 51 25 43 34 16 2 48 57 11 33 19 26 40 4 54 63 13 39 21 28 46 62 12 5 55 29 47 38 20 56 10 3 49 27 41 32 18 

Counter: 0
Running times:
Time spent partitioning: 0.004540 
Time spent outer permutation: 0.000000 
Time spent inner permutation: 0.003770 
Total time spent: 0.009300 
../TT_library/dim6/q_6_2.tt
6
0 52 13 11 62 45 16 49 49 0 48 51 0 22 34 6 12 59 26 31 12 28 57 27 60 14 38 38 51 38 10 45 54 5 34 35 28 8 43 13 52 2 44 40 17 0 42 9 11 59 4 6 31 8 51 22 8 61 11 12 19 1 51 19 
L1:
6
0 1 19 18 16 17 3 2 57 56 42 43 41 40 58 59 7 6 20 21 23 22 4 5 62 63 45 44 46 47 61 60 25 24 10 11 9 8 26 27 32 33 51 50 48 49 35 34 30 31 13 12 14 15 29 28 39 38 52 53 55 54 36 37 

A2:
6
0 44 31 51 46 2 49 29 45 1 50 30 3 47 28 48 36 8 59 23 10 38 21 57 9 37 22 58 39 11 56 20 15 35 16 60 33 13 62 18 34 14 61 17 12 32 19 63 43 7 52 24 5 41 26 54 6 42 25 53 40 4 55 27 

A:
6
0 50 59 9 35 17 24 42 6 52 61 15 37 23 30 44 60 14 7 53 31 45 36 22 58 8 1 51 25 43 34 16 2 48 57 11 33 19 26 40 4 54 63 13 39 21 28 46 62 12 5 55 29 47 38 20 56 10 3 49 27 41 32 18 

Counter: 0
Running times:
Time spent partitioning: 0.004508 
Time spent outer permutation: 0.000000 
Time spent inner permutation: 0.003841 
Total time spent: 0.009342 
../TT_library/dim6/q_6_2.tt
6
0 52 13 11 62 45 16 49 49 0 48 51 0 22 34 6 12 59 26 31 12 28 57 27 60 14 38 38 51 38 10 45 54 5 34 35 28 8 43 13 52 2 44 40 17 0 42 9 11 59 4 6 31 8 51 22 8 61 11 12 19 1 51 19 
L1:
6
0 1 19 18 16 17 3 2 57 56 42 43 41 40 58 59 7 6 20 21 23 22 4 5 62 63 45 44 46 47 61 60 25 24 10 11 9 8 26 27 32 33 51 50 48 49 35 34 30 31 13 12 14 15 29 28 39 38 52 53 55 54 36 37 

A2:
6
0 44 31 51 46 2 49 29 45 1 50 30 3 47 28 48 36 8 59 23 10 38 21 57 9 37 22 58 39 11 56 20 15 35 16 60 33 13 62 18 34 14 61 17 12 32 19 63 43 7 52 24 5 41 26 54 6 42 25 53 40 4 55 27 

A:
6
0 50 59 9 35 17 24 42 6 52 61 15 37 23 30 44 60 14 7 53 31 45 36 22 58 8 1 51 25 43 34 16 2 48 57 11 33 19 26 40 4 54 63 13 39 21 28 46 62 12 5 55 29 47 38 20 56 10 3 49 27 41 32 18 

Counter: 0
Running times:
Time spent partitioning: 0.005790 
Time spent outer permutation: 0.000000 
Time spent inner permutation: 0.003691 
Total time spent: 0.010367 
../TT_library/dim6/q_6_2.tt
6
0 52 13 11 62 45 16 49 49 0 48 51 0 22 34 6 12 59 26 31 12 28 57 27 60 14 38 38 51 38 10 45 54 5 34 35 28 8 43 13 52 2 44 40 17 0 42 9 11 59 4 6 31 8 51 22 8 61 11 12 19 1 51 19 
L1:
6
0 1 19 18 16 17 3 2 57 56 42 43 41 40 58 59 7 6 20 21 23 22 4 5 62 63 45 44 46 47 61 60 25 24 10 11 9 8 26 27 32 33 51 50 48 49 35 34 30 31 13 12 14 15 29 28 39 38 52 53 55 54 36 37 

A2:
6
0 44 31 51 46 2 49 29 45 1 50 30 3 47 28 48 36 8 59 23 10 38 21 57 9 37 22 58 39 11 56 20 15 35 16 60 33 13 62 18 34 14 61 17 12 32 19 63 43 7 52 24 5 41 26 54 6 42 25 53 40 4 55 27 

A:
6
0 50 59 9 35 17 24 42 6 52 61 15 37 23 30 44 60 14 7 53 31 45 36 22 58 8 1 51 25 43 34 16 2 48 57 11 33 19 26 40 4 54 63 13 39 21 28 46 62 12 5 55 29 47 38 20 56 10 3 49 27 41 32 18 

Counter: 0
Running times:
Time spent partitioning: 0.005886 
Time spent outer permutation: 0.000000 
Time spent inner permutation: 0.003779 
Total time spent: 0.010555 
../TT_library/dim6/q_6_2.tt
6
0 52 13 11 62 45 16 49 49 0 48 51 0 22 34 6 12 59 26 31 12 28 57 27 60 14 38 38 51 38 10 45 54 5 34 35 28 8 43 13 52 2 44 40 17 0 42 9 11 59 4 6 31 8 51 22 8 61 11 12 19 1 51 19 
L1:
6
0 1 19 18 16 17 3 2 57 56 42 43 41 40 58 59 7 6 20 21 23 22 4 5 62 63 45 44 46 47 61 60 25 24 10 11 9 8 26 27 32 33 51 50 48 49 35 34 30 31 13 12 14 15 29 28 39 38 52 53 55 54 36 37 

A2:
6
0 44 31 51 46 2 49 29 45 1 50 30 3 47 28 48 36 8 59 23 10 38 21 57 9 37 22 58 39 11 56 20 15 35 16 60 33 13 62 18 34 14 61 17 12 32 19 63 43 7 52 24 5 41 26 54 6 42 25 53 40 4 55 27 

A:
6
0 50 59 9 35 17 24 42 6 52 61 15 37 23 30 44 60 14 7 53 31 45 36 22 58 8 1 51 25 43 34 16 2 48 57 11 33 19 26 40 4 54 63 13 39 21 28 46 62 12 5 55 29 47 38 20 56 10 3 49 27 41 32 18 

Counter: 0
Running times:
Time spent partitioning: 0.005794 
Time spent outer permutation: 0.000000 
Time spent inner permutation: 0.003810 
Total time spent: 0.010495 
../TT_library/dim6/q_6_3.tt
6
0 1 59 4 12 46 59 39 40 28 62 52 43 60 49 24 12 42 35 59 55 50 20 47 41 58 43 6 29 45 19 29 59 14 15 4 25 15 33 9 42 42 51 13 7 36 18 15 49 35 17 61 36 21 8 7 45 10 32 57 55 51 54 12 
L1:
6
0 26 30 4 18 8 12 22 49 43 47 53 35 57 61 39 13 23 19 9 31 5 1 27 60 38 34 56 46 52 48 42 24 2 6 28 10 16 20 14 41 51 55 45 59 33 37 63 21 15 11 17 7 29 25 3 36 62 58 32 54 44 40 50 

A2:
6
0 2 59 57 16 18 43 41 49 51 10 8 33 35 26 24 32 34 27 25 48 50 11 9 17 19 42 40 1 3 58 56 45 47 22 20 61 63 6 4 28 30 39 37 12 14 55 53 13 15 54 52 29 31 38 36 60 62 7 5 44 46 23 21 

A:
6
0 55 16 39 12 59 28 43 31 40 15 56 19 36 3 52 25 46 9 62 21 34 5 50 6 49 22 33 10 61 26 45 61 10 45 26 49 6 33 22 34 21 50 5 46 25 62 9 36 19 52 3 40 31 56 15 59 12 43 28 55 0 39 16 

Counter: 1
Running times:
Time spent partitioning: 0.004515 
Time spent outer permutation: 0.000000 
Time spent inner permutation: 0.006262 
Total time spent: 0.018320 
../TT_library/dim6/q_6_3.tt
6
0 1 59 4 12 46 59 39 40 28 62 52 43 60 49 24 12 42 35 59 55 50 20 47 41 58 43 6 29 45 19 29 59 14 15 4 25 15 33 9 42 42 51 13 7 36 18 15 49 35 17 61 36 21 8 7 45 10 32 57 55 51 54 12 
L1:
6
0 26 30 4 18 8 12 22 49 43 47 53 35 57 61 39 13 23 19 9 31 5 1 27 60 38 34 56 46 52 48 42 24 2 6 28 10 16 20 14 41 51 55 45 59 33 37 63 21 15 11 17 7 29 25 3 36 62 58 32 54 44 40 50 

A2:
6
0 2 59 57 16 18 43 41 49 51 10 8 33 35 26 24 32 34 27 25 48 50 11 9 17 19 42 40 1 3 58 56 45 47 22 20 61 63 6 4 28 30 39 37 12 14 55 53 13 15 54 52 29 31 38 36 60 62 7 5 44 46 23 21 

A:
6
0 55 16 39 12 59 28 43 31 40 15 56 19 36 3 52 25 46 9 62 21 34 5 50 6 49 22 33 10 61 26 45 61 10 45 26 49 6 33 22 34 21 50 5 46 25 62 9 36 19 52 3 40 31 56 15 59 12 43 28 55 0 39 16 

Counter: 1
Running times:
Time spent partitioning: 0.004510 
Time spent outer permutation: 0.000000 
Time spent inner permutation: 0.006421 
Total time spent: 0.018460 
../TT_library/dim6/q_6_3.tt
6
0 1 59 4 12 46 59 39 40 28 62 52 43 60 49 24 12 42 35 59 55 50 20 47 41 58 43 6 29 45 19 29 59 14 15 4 25 15 33 9 42 42 51 13 7 36 18 15 49 35 17 61 36 21 8 7 45 10 32 57 55 51 54 12 
L1:
6
0 26 30 4 18 8 12 22 49 43 47 53 35 57 61 39 13 23 19 9 31 5 1 27 60 38 34 56 46 52 48 42 24 2 6 28 10 16 20 14 41 51 55 45 59 33 37 63 21 15 11 17 7 29 25 3 36 62 58 32 54 44 40 50 

A2:
6
0 2 59 57 16 18 43 41 49 51 10 8 33 35 26 24 32 34 27 25 48 50 11 9 17 19 42 40 1 3 58 56 45 47 22 20 61 63 6 4 28 30 39 37 12 14 55 53 13 15 54 52 29 31 38 36 60 62 7 5 44 46 23 21 

A:
6
0 55 16 39 12 59 28 43 31 40 15 56 19 36 3 52 25 46 9 62 21 34 5 50 6 49 22 33 10 61 26 45 61 10 45 26 49 6 33 22 34 21 50 5 46 25 62 9 36 19 52 3 40 31 56 15 59 12 43 28 55 0 39 16 

Counter: 1
Running times:
Time spent partitioning: 0.005079 
Time spent outer permutation: 0.000000 
Time spent inner permutation: 0.006310 
Total time spent: 0.018986 
../TT_library/dim6/q_6_3.tt
6
0 1 59 4 12 46 59 39 40 28 62 52 43 60 49 24 12 42 35 59 55 50 20 47 41 58 43 6 29 45 19 29 59 14 15 4 25 15 33 9 42 42 51 13 7 36 18 15 49 35 17 61 36 21 8 7 45 10 32 57 55 51 54 12 
L1:
6
0 26 30 4 18 8 12 22 49 43 47 53 35 57 61 39 13 23 19 9 31 5 1 27 60 38 34 56 46 52 48 42 24 2 6 28 10 16 20 14 41 51 55 45 59 33 37 63 21 15 11 17 7 29 25 3 36 62 58 32 54 44 40 50 

A2:
6
0 2 59 57 16 18 43 41 49 51 10 8 33 35 26 24 32 34 27 25 48 50 11 9 17 19 42 40 1 3 58 56 45 47 22 20 61 63 6 4 28 30 39 37 12 14 55 53 13 15 54 52 29 31 38 36 60 62 7 5 44 46 23 21 

A:
6
0 55 16 39 12 59 28 43 31 40 15 56 19 36 3 52 25 46 9 62 21 34 5 50 6 49 22 33 10 61 26 45 61 10 45 26 49 6 33 22 34 21 50 5 46 25 62 9 36 19 52 3 40 31 56 15 59 12 43 28 55 0 39 16 

Counter: 1
Running times:
Time spent partitioning: 0.005094 
Time spent outer permutation: 0.000000 
Time spent inner permutation: 0.006264 
Total time spent: 0.018940 
../TT_library/dim6/q_6_3.tt
6
0 1 59 4 12 46 59 39 40 28 62 52 43 60 49 24 12 42 35 59 55 50 20 47 41 58 43 6 29 45 19 29 59 14 15 4 25 15 33 9 42 42 51 13 7 36 18 15 49 35 17 61 36 21 8 7 45 10 32 57 55 51 54 12 
L1:
6
0 26 30 4 18 8 12 22 49 43 47 53 35 57 61 39 13 23 19 9 31 5 1 27 60 38 34 56 46 52 48 42 24 2 6 28 10 16 20 14 41 51 55 45 59 33 37 63 21 15 11 17 7 29 25 3 36 62 58 32 54 44 40 50 

A2:
6
0 2 59 57 16 18 43 41 49 51 10 8 33 35 26 24 32 34 27 25 48 50 11 9 17 19 42 40 1 3 58 56 45 47 22 20 61 63 6 4 28 30 39 37 12 14 55 53 13 15 54 52 29 31 38 36 60 62 7 5 44 46 23 21 

A:
6
0 55 16 39 12 59 28 43 31 40 15 56 19 36 3 52 25 46 9 62 21 34 5 50 6 49 22 33 10 61 26 45 61 10 45 26 49 6 33 22 34 21 50 5 46 25 62 9 36 19 52 3 40 31 56 15 59 12 43 28 55 0 39 16 

Counter: 1
Running times:
Time spent partitioning: 0.014448 
Time spent outer permutation: 0.000000 
Time spent inner permutation: 0.015438 
Total time spent: 0.047959 
../TT_library/dim6/q_6_4.tt
6
0 47 58 0 59 26 3 55 52 51 9 27 56 49 7 27 18 22 36 53 55 61 3 28 51 31 2 59 33 3 18 37 29 11 25 26 7 31 1 12 22 40 21 62 59 11 58 31 0 61 8 32 4 55 14 40 30 11 17 17 45 54 32 46 
L1:
6
0 8 1 9 17 25 16 24 32 40 33 41 49 57 48 56 50 58 51 59 35 43 34 42 18 26 19 27 3 11 2 10 6 14 7 15 23 31 22 30 38 46 39 47 55 63 54 62 52 60 53 61 37 45 36 44 20 28 21 29 5 13 4 12 

A2:
6
0 52 50 6 26 46 40 28 49 5 3 55 43 31 25 45 34 22 16 36 56 12 10 62 19 39 33 21 9 61 59 15 54 2 4 48 44 24 30 42 7 51 53 1 29 41 47 27 20 32 38 18 14 58 60 8 37 17 23 35 63 11 13 57 

A:
6
0 33 1 32 23 54 22 55 7 38 6 39 16 49 17 48 1 32 0 33 22 55 23 54 6 39 7 38 17 48 16 49 52 21 53 20 35 2 34 3 51 18 50 19 36 5 37 4 53 20 52 21 34 3 35 2 50 19 51 18 37 4 36 5 

Counter: 48
Running times:
Time spent partitioning: 0.005713 
Time spent outer permutation: 0.000000 
Time spent inner permutation: 0.004963 
Total time spent: 0.326729 
../TT_library/dim6/q_6_4.tt
6
0 47 58 0 59 26 3 55 52 51 9 27 56 49 7 27 18 22 36 53 55 61 3 28 51 31 2 59 33 3 18 37 29 11 25 26 7 31 1 12 22 40 21 62 59 11 58 31 0 61 8 32 4 55 14 40 30 11 17 17 45 54 32 46 
L1:
6
0 8 1 9 17 25 16 24 32 40 33 41 49 57 48 56 50 58 51 59 35 43 34 42 18 26 19 27 3 11 2 10 6 14 7 15 23 31 22 30 38 46 39 47 55 63 54 62 52 60 53 61 37 45 36 44 20 28 21 29 5 13 4 12 

A2:
6
0 52 50 6 26 46 40 28 49 5 3 55 43 31 25 45 34 22 16 36 56 12 10 62 19 39 33 21 9 61 59 15 54 2 4 48 44 24 30 42 7 51 53 1 29 41 47 27 20 32 38 18 14 58 60 8 37 17 23 35 63 11 13 57 

A:
6
0 33 1 32 23 54 22 55 7 38 6 39 16 49 17 48 1 32 0 33 22 55 23 54 6 39 7 38 17 48 16 49 52 21 53 20 35 2 34 3 51 18 50 19 36 5 37 4 53 20 52 21 34 3 35 2 50 19 51 18 37 4 36 5 

Counter: 48
Running times:
Time spent partitioning: 0.005800 
Time spent outer permutation: 0.000000 
Time spent inner permutation: 0.005054 
Total time spent: 0.334448 
../TT_library/dim6/q_6_4.tt
6
0 47 58 0 59 26 3 55 52 51 9 27 56 49 7 27 18 22 36 53 55 61 3 28 51 31 2 59 33 3 18 37 29 11 25 26 7 31 1 12 22 40 21 62 59 11 58 31 0 61 8 32 4 55 14 40 30 11 17 17 45 54 32 46 
L1:
6
0 8 1 9 17 25 16 24 32 40 33 41 49 57 48 56 50 58 51 59 35 43 34 42 18 26 19 27 3 11 2 10 6 14 7 15 23 31 22 30 38 46 39 47 55 63 54 62 52 60 53 61 37 45 36 44 20 28 21 29 5 13 4 12 

A2:
6
0 52 50 6 26 46 40 28 49 5 3 55 43 31 25 45 34 22 16 36 56 12 10 62 19 39 33 21 9 61 59 15 54 2 4 48 44 24 30 42 7 51 53 1 29 41 47 27 20 32 38 18 14 58 60 8 37 17 23 35 63 11 13 57 

A:
6
0 33 1 32 23 54 22 55 7 38 6 39 16 49 17 48 1 32 0 33 22 55 23 54 6 39 7 38 17 48 16 49 52 21 53 20 35 2 34 3 51 18 50 19 36 5 37 4 53 20 52 21 34 3 35 2 50 19 51 18 37 4 36 5 

Counter: 48
Running times:
Time spent partitioning: 0.007953 
Time spent outer permutation: 0.000000 
Time spent inner permutation: 0.004941 
Total time spent: 0.341960 
../TT_library/dim6/q_6_4.tt
6
0 47 58 0 59 26 3 55 52 51 9 27 56 49 7 27 18 22 36 53 55 61 3 28 51 31 2 59 33 3 18 37 29 11 25 26 7 31 1 12 22 40 21 62 59 11 58 31 0 61 8 32 4 55 14 40 30 11 17 17 45 54 32 46 
L1:
6
0 8 1 9 17 25 16 24 32 40 33 41 49 57 48 56 50 58 51 59 35 43 34 42 18 26 19 27 3 11 2 10 6 14 7 15 23 31 22 30 38 46 39 47 55 63 54 62 52 60 53 61 37 45 36 44 20 28 21 29 5 13 4 12 

A2:
6
0 52 50 6 26 46 40 28 49 5 3 55 43 31 25 45 34 22 16 36 56 12 10 62 19 39 33 21 9 61 59 15 54 2 4 48 44 24 30 42 7 51 53 1 29 41 47 27 20 32 38 18 14 58 60 8 37 17 23 35 63 11 13 57 

A:
6
0 33 1 32 23 54 22 55 7 38 6 39 16 49 17 48 1 32 0 33 22 55 23 54 6 39 7 38 17 48 16 49 52 21 53 20 35 2 34 3 51 18 50 19 36 5 37 4 53 20 52 21 34 3 35 2 50 19 51 18 37 4 36 5 

Counter: 48
Running times:
Time spent partitioning: 0.011588 
Time spent outer permutation: 0.000000 
Time spent inner permutation: 0.004955 
Total time spent: 0.353073 
../TT_library/dim6/q_6_4.tt
6
0 47 58 0 59 26 3 55 52 51 9 27 56 49 7 27 18 22 36 53 55 61 3 28 51 31 2 59 33 3 18 37 29 11 25 26 7 31 1 12 22 40 21 62 59 11 58 31 0 61 8 32 4 55 14 40 30 11 17 17 45 54 32 46 
L1:
6
0 8 1 9 17 25 16 24 32 40 33 41 49 57 48 56 50 58 51 59 35 43 34 42 18 26 19 27 3 11 2 10 6 14 7 15 23 31 22 30 38 46 39 47 55 63 54 62 52 60 53 61 37 45 36 44 20 28 21 29 5 13 4 12 

A2:
6
0 52 50 6 26 46 40 28 49 5 3 55 43 31 25 45 34 22 16 36 56 12 10 62 19 39 33 21 9 61 59 15 54 2 4 48 44 24 30 42 7 51 53 1 29 41 47 27 20 32 38 18 14 58 60 8 37 17 23 35 63 11 13 57 

A:
6
0 33 1 32 23 54 22 55 7 38 6 39 16 49 17 48 1 32 0 33 22 55 23 54 6 39 7 38 17 48 16 49 52 21 53 20 35 2 34 3 51 18 50 19 36 5 37 4 53 20 52 21 34 3 35 2 50 19 51 18 37 4 36 5 

Counter: 48
Running times:
Time spent partitioning: 0.014420 
Time spent outer permutation: 0.000000 
Time spent inner permutation: 0.005115 
Total time spent: 0.366970 
../TT_library/dim6/q_6_5.tt
6
0 44 28 0 31 24 7 48 32 63 49 30 58 14 47 43 35 0 45 62 43 35 33 25 22 6 21 53 27 32 28 23 33 0 63 46 36 46 62 4 61 47 46 12 61 4 42 35 27 53 23 9 9 12 1 52 18 15 19 62 5 51 0 6 
L1:
6
0 6 57 63 23 17 46 40 3 5 58 60 20 18 45 43 11 13 50 52 28 26 37 35 8 14 49 55 31 25 38 32 19 21 42 44 4 2 61 59 16 22 41 47 7 1 62 56 24 30 33 39 15 9 54 48 27 29 34 36 12 10 53 51 

A2:
6
0 35 60 31 59 24 7 36 47 12 19 48 20 55 40 11 28 63 32 3 39 4 27 56 51 16 15 44 8 43 52 23 46 13 18 49 21 54 41 10 1 34 61 30 58 25 6 37 50 17 14 45 9 42 53 22 29 62 33 2 38 5 26 57 

A:
6
0 50 59 9 35 17 24 42 6 52 61 15 37 23 30 44 60 14 7 53 31 45 36 22 58 8 1 51 25 43 34 16 2 48 57 11 33 19 26 40 4 54 63 13 39 21 28 46 62 12 5 55 29 47 38 20 56 10 3 49 27 41 32 18 

Counter: 69
Running times:
Time spent partitioning: 0.005786 
Time spent outer permutation: 0.000000 
Time spent inner permutation: 0.004700 
Total time spent: 0.458665 
../TT_library/dim6/q_6_5.tt
6
0 44 28 0 31 24 7 48 32 63 49 30 58 14 47 43 35 0 45 62 43 35 33 25 22 6 21 53 27 32 28 23 33 0 63 46 36 46 62 4 61 47 46 12 61 4 42 35 27 53 23 9 9 12 1 52 18 15 19 62 5 51 0 6 
L1:
6
0 6 57 63 23 17 46 40 3 5 58 60 20 18 45 43 11 13 50 52 28 26 37 35 8 14 49 55 31 25 38 32 19 21 42 44 4 2 61 59 16 22 41 47 7 1 62 56 24 30 33 39 15 9 54 48 27 29 34 36 12 10 53 51 

A2:
6
0 35 60 31 59 24 7 36 47 12 19 48 20 55 40 11 28 63 32 3 39 4 27 56 51 16 15 44 8 43 52 23 46 13 18 49 21 54 41 10 1 34 61 30 58 25 6 37 50 17 14 45 9 42 53 22 29 62 33 2 38 5 26 57 

A:
6
0 50 59 9 35 17 24 42 6 52 61 15 37 23 30 44 60 14 7 53 31 45 36 22 58 8 1 51 25 43 34 16 2 48 57 11 33 19 26 40 4 54 63 13 39 21 28 46 62 12 5 55 29 47 38 20 56 10 3 49 27 41 32 18 

Counter: 69
Running times:
Time spent partitioning: 0.005807 
Time spent outer permutation: 0.000000 
Time spent inner permutation: 0.004715 
Total time spent: 0.459051 
../TT_library/dim6/q_6_5.tt
6
0 44 28 0 31 24 7 48 32 63 49 30 58 14 47 43 35 0 45 62 43 35 33 25 22 6 21 53 27 32 28 23 33 0 63 46 36 46 62 4 61 47 46 12 61 4 42 35 27 53 23 9 9 12 1 52 18 15 19 62 5 51 0 6 
L1:
6
0 6 57 63 23 17 46 40 3 5 58 60 20 18 45 43 11 13 50 52 28 26 37 35 8 14 49 55 31 25 38 32 19 21 42 44 4 2 61 59 16 22 41 47 7 1 62 56 24 30 33 39 15 9 54 48 27 29 34 36 12 10 53 51 

A2:
6
0 35 60 31 59 24 7 36 47 12 19 48 20 55 40 11 28 63 32 3 39 4 27 56 51 16 15 44 8 43 52 23 46 13 18 49 21 54 41 10 1 34 61 30 58 25 6 37 50 17 14 45 9 42 53 22 29 62 33 2 38 5 26 57 

A:
6
0 50 59 9 35 17 24 42 6 52 61 15 37 23 30 44 60 14 7 53 31 45 36 22 58 8 1 51 25 43 34 16 2 48 57 11 33 19 26 40 4 54 63 13 39 21 28 46 62 12 5 55 29 47 38 20 56 10 3 49 27 41 32 18 

Counter: 69
Running times:
Time spent partitioning: 0.005811 
Time spent outer permutation: 0.000000 
Time spent inner permutation: 0.004783 
Total time spent: 0.462459 
../TT_library/dim6/q_6_5.tt
6
0 44 28 0 31 24 7 48 32 63 49 30 58 14 47 43 35 0 45 62 43 35 33 25 22 6 21 53 27 32 28 23 33 0 63 46 36 46 62 4 61 47 46 12 61 4 42 35 27 53 23 9 9 12 1 52 18 15 19 62 5 51 0 6 
L1:
6
0 6 57 63 23 17 46 40 3 5 58 60 20 18 45 43 11 13 50 52 28 26 37 35 8 14 49 55 31 25 38 32 19 21 42 44 4 2 61 59 16 22 41 47 7 1 62 56 24 30 33 39 15 9 54 48 27 29 34 36 12 10 53 51 

A2:
6
0 35 60 31 59 24 7 36 47 12 19 48 20 55 40 11 28 63 32 3 39 4 27 56 51 16 15 44 8 43 52 23 46 13 18 49 21 54 41 10 1 34 61 30 58 25 6 37 50 17 14 45 9 42 53 22 29 62 33 2 38 5 26 57 

A:
6
0 50 59 9 35 17 24 42 6 52 61 15 37 23 30 44 60 14 7 53 31 45 36 22 58 8 1 51 25 43 34 16 2 48 57 11 33 19 26 40 4 54 63 13 39 21 28 46 62 12 5 55 29 47 38 20 56 10 3 49 27 41 32 18 

Counter: 69
Running times:
Time spent partitioning: 0.005314 
Time spent outer permutation: 0.000000 
Time spent inner permutation: 0.006111 
Total time spent: 0.464461 
../TT_library/dim6/q_6_5.tt
6
0 44 28 0 31 24 7 48 32 63 49 30 58 14 47 43 35 0 45 62 43 35 33 25 22 6 21 53 27 32 28 23 33 0 63 46 36 46 62 4 61 47 46 12 61 4 42 35 27 53 23 9 9 12 1 52 18 15 19 62 5 51 0 6 
L1:
6
0 6 57 63 23 17 46 40 3 5 58 60 20 18 45 43 11 13 50 52 28 26 37 35 8 14 49 55 31 25 38 32 19 21 42 44 4 2 61 59 16 22 41 47 7 1 62 56 24 30 33 39 15 9 54 48 27 29 34 36 12 10 53 51 

A2:
6
0 35 60 31 59 24 7 36 47 12 19 48 20 55 40 11 28 63 32 3 39 4 27 56 51 16 15 44 8 43 52 23 46 13 18 49 21 54 41 10 1 34 61 30 58 25 6 37 50 17 14 45 9 42 53 22 29 62 33 2 38 5 26 57 

A:
6
0 50 59 9 35 17 24 42 6 52 61 15 37 23 30 44 60 14 7 53 31 45 36 22 58 8 1 51 25 43 34 16 2 48 57 11 33 19 26 40 4 54 63 13 39 21 28 46 62 12 5 55 29 47 38 20 56 10 3 49 27 41 32 18 

Counter: 69
Running times:
Time spent partitioning: 0.014469 
Time spent outer permutation: 0.000000 
Time spent inner permutation: 0.004727 
Total time spent: 0.514854 
../TT_library/dim6/q_6_6.tt
6
0 5 52 9 43 33 63 13 46 53 52 23 46 58 20 56 33 41 46 30 53 50 26 37 22 0 55 25 41 48 40 9 6 51 30 19 14 52 54 52 21 62 35 48 54 18 32 60 38 30 5 5 17 38 18 29 44 10 33 63 48 25 29 12 
L1:
6
0 39 6 33 41 14 47 8 51 20 53 18 26 61 28 59 17 54 23 48 56 31 62 25 34 5 36 3 11 44 13 42 63 24 57 30 22 49 16 55 12 43 10 45 37 2 35 4 46 9 40 15 7 32 1 38 29 58 27 60 52 19 50 21 

A2:
6
0 10 44 38 41 35 5 15 13 7 33 43 36 46 8 2 58 48 22 28 19 25 63 53 55 61 27 17 30 20 50 56 45 39 1 11 4 14 40 34 32 42 12 6 9 3 37 47 23 29 59 49 62 52 18 24 26 16 54 60 51 57 31 21 

A:
6
0 50 59 9 35 17 24 42 6 52 61 15 37 23 30 44 60 14 7 53 31 45 36 22 58 8 1 51 25 43 34 16 2 48 57 11 33 19 26 40 4 54 63 13 39 21 28 46 62 12 5 55 29 47 38 20 56 10 3 49 27 41 32 18 

Counter: 5
Running times:
Time spent partitioning: 0.005804 
Time spent outer permutation: 0.000000 
Time spent inner permutation: 0.004967 
Total time spent: 0.045933 
../TT_library/dim6/q_6_6.tt
6
0 5 52 9 43 33 63 13 46 53 52 23 46 58 20 56 33 41 46 30 53 50 26 37 22 0 55 25 41 48 40 9 6 51 30 19 14 52 54 52 21 62 35 48 54 18 32 60 38 30 5 5 17 38 18 29 44 10 33 63 48 25 29 12 
L1:
6
0 39 6 33 41 14 47 8 51 20 53 18 26 61 28 59 17 54 23 48 56 31 62 25 34 5 36 3 11 44 13 42 63 24 57 30 22 49 16 55 12 43 10 45 37 2 35 4 46 9 40 15 7 32 1 38 29 58 27 60 52 19 50 21 

A2:
6
0 10 44 38 41 35 5 15 13 7 33 43 36 46 8 2 58 48 22 28 19 25 63 53 55 61 27 17 30 20 50 56 45 39 1 11 4 14 40 34 32 42 12 6 9 3 37 47 23 29 59 49 62 52 18 24 26 16 54 60 51 57 31 21 

A:
6
0 50 59 9 35 17 24 42 6 52 61 15 37 23 30 44 60 14 7 53 31 45 36 22 58 8 1 51 25 43 34 16 2 48 57 11 33 19 26 40 4 54 63 13 39 21 28 46 62 12 5 55 29 47 38 20 56 10 3 49 27 41 32 18 

Counter: 5
Running times:
Time spent partitioning: 0.004533 
Time spent outer permutation: 0.000000 
Time spent inner permutation: 0.007813 
Total time spent: 0.048661 
../TT_library/dim6/q_6_6.tt
6
0 5 52 9 43 33 63 13 46 53 52 23 46 58 20 56 33 41 46 30 53 50 26 37 22 0 55 25 41 48 40 9 6 51 30 19 14 52 54 52 21 62 35 48 54 18 32 60 38 30 5 5 17 38 18 29 44 10 33 63 48 25 29 12 
L1:
6
0 39 6 33 41 14 47 8 51 20 53 18 26 61 28 59 17 54 23 48 56 31 62 25 34 5 36 3 11 44 13 42 63 24 57 30 22 49 16 55 12 43 10 45 37 2 35 4 46 9 40 15 7 32 1 38 29 58 27 60 52 19 50 21 

A2:
6
0 10 44 38 41 35 5 15 13 7 33 43 36 46 8 2 58 48 22 28 19 25 63 53 55 61 27 17 30 20 50 56 45 39 1 11 4 14 40 34 32 42 12 6 9 3 37 47 23 29 59 49 62 52 18 24 26 16 54 60 51 57 31 21 

A:
6
0 50 59 9 35 17 24 42 6 52 61 15 37 23 30 44 60 14 7 53 31 45 36 22 58 8 1 51 25 43 34 16 2 48 57 11 33 19 26 40 4 54 63 13 39 21 28 46 62 12 5 55 29 47 38 20 56 10 3 49 27 41 32 18 

Counter: 5
Running times:
Time spent partitioning: 0.005807 
Time spent outer permutation: 0.000000 
Time spent inner permutation: 0.006450 
Total time spent: 0.049413 
../TT_library/dim6/q_6_6.tt
6
0 5 52 9 43 33 63 13 46 53 52 23 46 58 20 56 33 41 46 30 53 50 26 37 22 0 55 25 41 48 40 9 6 51 30 19 14 52 54 52 21 62 35 48 54 18 32 60 38 30 5 5 17 38 18 29 44 10 33 63 48 25 29 12 
L1:
6
0 39 6 33 41 14 47 8 51 20 53 18 26 61 28 59 17 54 23 48 56 31 62 25 34 5 36 3 11 44 13 42 63 24 57 30 22 49 16 55 12 43 10 45 37 2 35 4 46 9 40 15 7 32 1 38 29 58 27 60 52 19 50 21 

A2:
6
0 10 44 38 41 35 5 15 13 7 33 43 36 46 8 2 58 48 22 28 19 25 63 53 55 61 27 17 30 20 50 56 45 39 1 11 4 14 40 34 32 42 12 6 9 3 37 47 23 29 59 49 62 52 18 24 26 16 54 60 51 57 31 21 

A:
6
0 50 59 9 35 17 24 42 6 52 61 15 37 23 30 44 60 14 7 53 31 45 36 22 58 8 1 51 25 43 34 16 2 48 57 11 33 19 26 40 4 54 63 13 39 21 28 46 62 12 5 55 29 47 38 20 56 10 3 49 27 41 32 18 

Counter: 5
Running times:
Time spent partitioning: 0.014496 
Time spent outer permutation: 0.000000 
Time spent inner permutation: 0.004990 
Total time spent: 0.065399 
../TT_library/dim6/q_6_6.tt
6
0 5 52 9 43 33 63 13 46 53 52 23 46 58 20 56 33 41 46 30 53 50 26 37 22 0 55 25 41 48 40 9 6 51 30 19 14 52 54 52 21 62 35 48 54 18 32 60 38 30 5 5 17 38 18 29 44 10 33 63 48 25 29 12 
L1:
6
0 39 6 33 41 14 47 8 51 20 53 18 26 61 28 59 17 54 23 48 56 31 62 25 34 5 36 3 11 44 13 42 63 24 57 30 22 49 16 55 12 43 10 45 37 2 35 4 46 9 40 15 7 32 1 38 29 58 27 60 52 19 50 21 

A2:
6
0 10 44 38 41 35 5 15 13 7 33 43 36 46 8 2 58 48 22 28 19 25 63 53 55 61 27 17 30 20 50 56 45 39 1 11 4 14 40 34 32 42 12 6 9 3 37 47 23 29 59 49 62 52 18 24 26 16 54 60 51 57 31 21 

A:
6
0 50 59 9 35 17 24 42 6 52 61 15 37 23 30 44 60 14 7 53 31 45 36 22 58 8 1 51 25 43 34 16 2 48 57 11 33 19 26 40 4 54 63 13 39 21 28 46 62 12 5 55 29 47 38 20 56 10 3 49 27 41 32 18 

Counter: 5
Running times:
Time spent partitioning: 0.014517 
Time spent outer permutation: 0.000000 
Time spent inner permutation: 0.004980 
Total time spent: 0.079523 
../TT_library/dim6/q_6_7.tt
6
0 47 19 0 3 23 24 48 18 46 21 21 48 55 63 4 31 27 61 5 4 59 46 45 51 36 5 46 9 37 55 39 14 41 10 17 8 20 4 36 55 3 39 47 16 31 8 59 46 34 27 43 48 7 13 6 41 54 8 43 22 50 63 39 
Counter: 0
Counter: 0
Counter: 0
L1:
6
0 1 37 36 10 11 47 46 51 50 22 23 57 56 28 29 6 7 35 34 12 13 41 40 53 52 16 17 63 62 26 27 20 21 49 48 30 31 59 58 39 38 2 3 45 44 8 9 18 19 55 54 24 25 61 60 33 32 4 5 43 42 14 15 

A2:
6
0 22 48 38 41 63 25 15 62 40 14 24 23 1 39 49 57 47 9 31 16 6 32 54 7 17 55 33 46 56 30 8 51 37 3 21 26 12 42 60 13 27 61 43 36 50 20 2 10 28 58 44 35 53 19 5 52 34 4 18 29 11 45 59 

A:
6
0 15 28 19 26 21 6 9 17 30 13 2 11 4 23 24 27 20 7 8 1 14 29 18 10 5 22 25 16 31 12 3 20 27 8 7 14 1 18 29 5 10 25 22 31 16 3 12 15 0 19 28 21 26 9 6 30 17 2 13 4 11 24 23 

Counter: 3
Running times:
Time spent partitioning: 0.005794 
Time spent outer permutation: 0.000000 
Time spent inner permutation: 0.057562 
Total time spent: 0.273500 
../TT_library/dim6/q_6_7.tt
6
0 47 19 0 3 23 24 48 18 46 21 21 48 55 63 4 31 27 61 5 4 59 46 45 51 36 5 46 9 37 55 39 14 41 10 17 8 20 4 36 55 3 39 47 16 31 8 59 46 34 27 43 48 7 13 6 41 54 8 43 22 50 63 39 
Counter: 0
Counter: 0
Counter: 0
L1:
6
0 1 37 36 10 11 47 46 51 50 22 23 57 56 28 29 6 7 35 34 12 13 41 40 53 52 16 17 63 62 26 27 20 21 49 48 30 31 59 58 39 38 2 3 45 44 8 9 18 19 55 54 24 25 61 60 33 32 4 5 43 42 14 15 

A2:
6
0 22 48 38 41 63 25 15 62 40 14 24 23 1 39 49 57 47 9 31 16 6 32 54 7 17 55 33 46 56 30 8 51 37 3 21 26 12 42 60 13 27 61 43 36 50 20 2 10 28 58 44 35 53 19 5 52 34 4 18 29 11 45 59 

A:
6
0 15 28 19 26 21 6 9 17 30 13 2 11 4 23 24 27 20 7 8 1 14 29 18 10 5 22 25 16 31 12 3 20 27 8 7 14 1 18 29 5 10 25 22 31 16 3 12 15 0 19 28 21 26 9 6 30 17 2 13 4 11 24 23 

Counter: 3
Running times:
Time spent partitioning: 0.005809 
Time spent outer permutation: 0.000000 
Time spent inner permutation: 0.057871 
Total time spent: 0.275499 
../TT_library/dim6/q_6_7.tt
6
0 47 19 0 3 23 24 48 18 46 21 21 48 55 63 4 31 27 61 5 4 59 46 45 51 36 5 46 9 37 55 39 14 41 10 17 8 20 4 36 55 3 39 47 16 31 8 59 46 34 27 43 48 7 13 6 41 54 8 43 22 50 63 39 
Counter: 0
Counter: 0
Counter: 0
L1:
6
0 1 37 36 10 11 47 46 51 50 22 23 57 56 28 29 6 7 35 34 12 13 41 40 53 52 16 17 63 62 26 27 20 21 49 48 30 31 59 58 39 38 2 3 45 44 8 9 18 19 55 54 24 25 61 60 33 32 4 5 43 42 14 15 

A2:
6
0 22 48 38 41 63 25 15 62 40 14 24 23 1 39 49 57 47 9 31 16 6 32 54 7 17 55 33 46 56 30 8 51 37 3 21 26 12 42 60 13 27 61 43 36 50 20 2 10 28 58 44 35 53 19 5 52 34 4 18 29 11 45 59 

A:
6
0 15 28 19 26 21 6 9 17 30 13 2 11 4 23 24 27 20 7 8 1 14 29 18 10 5 22 25 16 31 12 3 20 27 8 7 14 1 18 29 5 10 25 22 31 16 3 12 15 0 19 28 21 26 9 6 30 17 2 13 4 11 24 23 

Counter: 3
Running times:
Time spent partitioning: 0.005802 
Time spent outer permutation: 0.000000 
Time spent inner permutation: 0.063323 
Total time spent: 0.288817 
../TT_library/dim6/q_6_7.tt
6
0 47 19 0 3 23 24 48 18 46 21 21 48 55 63 4 31 27 61 5 4 59 46 45 51 36 5 46 9 37 55 39 14 41 10 17 8 20 4 36 55 3 39 47 16 31 8 59 46 34 27 43 48 7 13 6 41 54 8 43 22 50 63 39 
Counter: 0
Counter: 0
Counter: 0
L1:
6
0 1 37 36 10 11 47 46 51 50 22 23 57 56 28 29 6 7 35 34 12 13 41 40 53 52 16 17 63 62 26 27 20 21 49 48 30 31 59 58 39 38 2 3 45 44 8 9 18 19 55 54 24 25 61 60 33 32 4 5 43 42 14 15 

A2:
6
0 22 48 38 41 63 25 15 62 40 14 24 23 1 39 49 57 47 9 31 16 6 32 54 7 17 55 33 46 56 30 8 51 37 3 21 26 12 42 60 13 27 61 43 36 50 20 2 10 28 58 44 35 53 19 5 52 34 4 18 29 11 45 59 

A:
6
0 15 28 19 26 21 6 9 17 30 13 2 11 4 23 24 27 20 7 8 1 14 29 18 10 5 22 25 16 31 12 3 20 27 8 7 14 1 18 29 5 10 25 22 31 16 3 12 15 0 19 28 21 26 9 6 30 17 2 13 4 11 24 23 

Counter: 3
Running times:
Time spent partitioning: 0.008462 
Time spent outer permutation: 0.000000 
Time spent inner permutation: 0.058252 
Total time spent: 0.292890 
../TT_library/dim6/q_6_7.tt
6
0 47 19 0 3 23 24 48 18 46 21 21 48 55 63 4 31 27 61 5 4 59 46 45 51 36 5 46 9 37 55 39 14 41 10 17 8 20 4 36 55 3 39 47 16 31 8 59 46 34 27 43 48 7 13 6 41 54 8 43 22 50 63 39 
Counter: 0
Counter: 0
Counter: 0
L1:
6
0 1 37 36 10 11 47 46 51 50 22 23 57 56 28 29 6 7 35 34 12 13 41 40 53 52 16 17 63 62 26 27 20 21 49 48 30 31 59 58 39 38 2 3 45 44 8 9 18 19 55 54 24 25 61 60 33 32 4 5 43 42 14 15 

A2:
6
0 22 48 38 41 63 25 15 62 40 14 24 23 1 39 49 57 47 9 31 16 6 32 54 7 17 55 33 46 56 30 8 51 37 3 21 26 12 42 60 13 27 61 43 36 50 20 2 10 28 58 44 35 53 19 5 52 34 4 18 29 11 45 59 

A:
6
0 15 28 19 26 21 6 9 17 30 13 2 11 4 23 24 27 20 7 8 1 14 29 18 10 5 22 25 16 31 12 3 20 27 8 7 14 1 18 29 5 10 25 22 31 16 3 12 15 0 19 28 21 26 9 6 30 17 2 13 4 11 24 23 

Counter: 3
Running times:
Time spent partitioning: 0.014539 
Time spent outer permutation: 0.000000 
Time spent inner permutation: 0.058714 
Total time spent: 0.305640 
../TT_library/dim6/q_6_8.tt
6
0 24 51 54 43 33 4 19 51 33 47 32 13 13 13 16 14 43 9 49 58 13 33 11 36 11 12 62 5 56 49 17 29 25 17 8 1 23 17 26 37 43 6 21 44 48 19 18 30 39 38 2 29 54 57 15 63 12 40 6 41 8 34 30 
L1:
6
0 39 6 33 41 14 47 8 51 20 53 18 26 61 28 59 17 54 23 48 56 31 62 25 34 5 36 3 11 44 13 42 63 24 57 30 22 49 16 55 12 43 10 45 37 2 35 4 46 9 40 15 7 32 1 38 29 58 27 60 52 19 50 21 

A2:
6
0 10 44 38 41 35 5 15 13 7 33 43 36 46 8 2 58 48 22 28 19 25 63 53 55 61 27 17 30 20 50 56 45 39 1 11 4 14 40 34 32 42 12 6 9 3 37 47 23 29 59 49 62 52 18 24 26 16 54 60 51 57 31 21 

A:
6
0 50 59 9 35 17 24 42 6 52 61 15 37 23 30 44 60 14 7 53 31 45 36 22 58 8 1 51 25 43 34 16 2 48 57 11 33 19 26 40 4 54 63 13 39 21 28 46 62 12 5 55 29 47 38 20 56 10 3 49 27 41 32 18 

Counter: 3
Running times:
Time spent partitioning: 0.005959 
Time spent outer permutation: 0.000000 
Time spent inner permutation: 0.005911 
Total time spent: 0.034385 
../TT_library/dim6/q_6_8.tt
6
0 24 51 54 43 33 4 19 51 33 47 32 13 13 13 16 14 43 9 49 58 13 33 11 36 11 12 62 5 56 49 17 29 25 17 8 1 23 17 26 37 43 6 21 44 48 19 18 30 39 38 2 29 54 57 15 63 12 40 6 41 8 34 30 
L1:
6
0 39 6 33 41 14 47 8 51 20 53 18 26 61 28 59 17 54 23 48 56 31 62 25 34 5 36 3 11 44 13 42 63 24 57 30 22 49 16 55 12 43 10 45 37 2 35 4 46 9 40 15 7 32 1 38 29 58 27 60 52 19 50 21 

A2:
6
0 10 44 38 41 35 5 15 13 7 33 43 36 46 8 2 58 48 22 28 19 25 63 53 55 61 27 17 30 20 50 56 45 39 1 11 4 14 40 34 32 42 12 6 9 3 37 47 23 29 59 49 62 52 18 24 26 16 54 60 51 57 31 21 

A:
6
0 50 59 9 35 17 24 42 6 52 61 15 37 23 30 44 60 14 7 53 31 45 36 22 58 8 1 51 25 43 34 16 2 48 57 11 33 19 26 40 4 54 63 13 39 21 28 46 62 12 5 55 29 47 38 20 56 10 3 49 27 41 32 18 

Counter: 3
Running times:
Time spent partitioning: 0.005801 
Time spent outer permutation: 0.000000 
Time spent inner permutation: 0.005882 
Total time spent: 0.034144 
../TT_library/dim6/q_6_8.tt
6
0 24 51 54 43 33 4 19 51 33 47 32 13 13 13 16 14 43 9 49 58 13 33 11 36 11 12 62 5 56 49 17 29 25 17 8 1 23 17 26 37 43 6 21 44 48 19 18 30 39 38 2 29 54 57 15 63 12 40 6 41 8 34 30 
L1:
6
0 39 6 33 41 14 47 8 51 20 53 18 26 61 28 59 17 54 23 48 56 31 62 25 34 5 36 3 11 44 13 42 63 24 57 30 22 49 16 55 12 43 10 45 37 2 35 4 46 9 40 15 7 32 1 38 29 58 27 60 52 19 50 21 

A2:
6
0 10 44 38 41 35 5 15 13 7 33 43 36 46 8 2 58 48 22 28 19 25 63 53 55 61 27 17 30 20 50 56 45 39 1 11 4 14 40 34 32 42 12 6 9 3 37 47 23 29 59 49 62 52 18 24 26 16 54 60 51 57 31 21 

A:
6
0 50 59 9 35 17 24 42 6 52 61 15 37 23 30 44 60 14 7 53 31 45 36 22 58 8 1 51 25 43 34 16 2 48 57 11 33 19 26 40 4 54 63 13 39 21 28 46 62 12 5 55 29 47 38 20 56 10 3 49 27 41 32 18 

Counter: 3
Running times:
Time spent partitioning: 0.008358 
Time spent outer permutation: 0.000000 
Time spent inner permutation: 0.007582 
Total time spent: 0.049964 
../TT_library/dim6/q_6_8.tt
6
0 24 51 54 43 33 4 19 51 33 47 32 13 13 13 16 14 43 9 49 58 13 33 11 36 11 12 62 5 56 49 17 29 25 17 8 1 23 17 26 37 43 6 21 44 48 19 18 30 39 38 2 29 54 57 15 63 12 40 6 41 8 34 30 
L1:
6
0 39 6 33 41 14 47 8 51 20 53 18 26 61 28 59 17 54 23 48 56 31 62 25 34 5 36 3 11 44 13 42 63 24 57 30 22 49 16 55 12 43 10 45 37 2 35 4 46 9 40 15 7 32 1 38 29 58 27 60 52 19 50 21 

A2:
6
0 10 44 38 41 35 5 15 13 7 33 43 36 46 8 2 58 48 22 28 19 25 63 53 55 61 27 17 30 20 50 56 45 39 1 11 4 14 40 34 32 42 12 6 9 3 37 47 23 29 59 49 62 52 18 24 26 16 54 60 51 57 31 21 

A:
6
0 50 59 9 35 17 24 42 6 52 61 15 37 23 30 44 60 14 7 53 31 45 36 22 58 8 1 51 25 43 34 16 2 48 57 11 33 19 26 40 4 54 63 13 39 21 28 46 62 12 5 55 29 47 38 20 56 10 3 49 27 41 32 18 

Counter: 3
Running times:
Time spent partitioning: 0.015997 
Time spent outer permutation: 0.000000 
Time spent inner permutation: 0.006107 
Total time spent: 0.049032 
../TT_library/dim6/q_6_8.tt
6
0 24 51 54 43 33 4 19 51 33 47 32 13 13 13 16 14 43 9 49 58 13 33 11 36 11 12 62 5 56 49 17 29 25 17 8 1 23 17 26 37 43 6 21 44 48 19 18 30 39 38 2 29 54 57 15 63 12 40 6 41 8 34 30 
L1:
6
0 39 6 33 41 14 47 8 51 20 53 18 26 61 28 59 17 54 23 48 56 31 62 25 34 5 36 3 11 44 13 42 63 24 57 30 22 49 16 55 12 43 10 45 37 2 35 4 46 9 40 15 7 32 1 38 29 58 27 60 52 19 50 21 

A2:
6
0 10 44 38 41 35 5 15 13 7 33 43 36 46 8 2 58 48 22 28 19 25 63 53 55 61 27 17 30 20 50 56 45 39 1 11 4 14 40 34 32 42 12 6 9 3 37 47 23 29 59 49 62 52 18 24 26 16 54 60 51 57 31 21 

A:
6
0 50 59 9 35 17 24 42 6 52 61 15 37 23 30 44 60 14 7 53 31 45 36 22 58 8 1 51 25 43 34 16 2 48 57 11 33 19 26 40 4 54 63 13 39 21 28 46 62 12 5 55 29 47 38 20 56 10 3 49 27 41 32 18 

Counter: 3
Running times:
Time spent partitioning: 0.016437 
Time spent outer permutation: 0.000000 
Time spent inner permutation: 0.005886 
Total time spent: 0.062780 
../TT_library/dim6/q_6_9.tt
6
0 30 52 59 33 50 31 29 20 26 10 21 1 2 21 7 9 48 21 61 33 21 55 18 62 23 8 48 34 6 30 43 55 5 30 61 16 47 51 29 3 33 0 51 16 63 25 39 40 61 41 45 6 30 13 4 63 58 20 0 37 45 4 29 
L1:
6
0 39 6 33 41 14 47 8 51 20 53 18 26 61 28 59 17 54 23 48 56 31 62 25 34 5 36 3 11 44 13 42 63 24 57 30 22 49 16 55 12 43 10 45 37 2 35 4 46 9 40 15 7 32 1 38 29 58 27 60 52 19 50 21 

A2:
6
0 10 44 38 41 35 5 15 13 7 33 43 36 46 8 2 58 48 22 28 19 25 63 53 55 61 27 17 30 20 50 56 45 39 1 11 4 14 40 34 32 42 12 6 9 3 37 47 23 29 59 49 62 52 18 24 26 16 54 60 51 57 31 21 

A:
6
0 50 59 9 35 17 24 42 6 52 61 15 37 23 30 44 60 14 7 53 31 45 36 22 58 8 1 51 25 43 34 16 2 48 57 11 33 19 26 40 4 54 63 13 39 21 28 46 62 12 5 55 29 47 38 20 56 10 3 49 27 41 32 18 

Counter: 5
Running times:
Time spent partitioning: 0.005806 
Time spent outer permutation: 0.000000 
Time spent inner permutation: 0.006222 
Total time spent: 0.045989 
../TT_library/dim6/q_6_9.tt
6
0 30 52 59 33 50 31 29 20 26 10 21 1 2 21 7 9 48 21 61 33 21 55 18 62 23 8 48 34 6 30 43 55 5 30 61 16 47 51 29 3 33 0 51 16 63 25 39 40 61 41 45 6 30 13 4 63 58 20 0 37 45 4 29 
L1:
6
0 39 6 33 41 14 47 8 51 20 53 18 26 61 28 59 17 54 23 48 56 31 62 25 34 5 36 3 11 44 13 42 63 24 57 30 22 49 16 55 12 43 10 45 37 2 35 4 46 9 40 15 7 32 1 38 29 58 27 60 52 19 50 21 

A2:
6
0 10 44 38 41 35 5 15 13 7 33 43 36 46 8 2 58 48 22 28 19 25 63 53 55 61 27 17 30 20 50 56 45 39 1 11 4 14 40 34 32 42 12 6 9 3 37 47 23 29 59 49 62 52 18 24 26 16 54 60 51 57 31 21 

A:
6
0 50 59 9 35 17 24 42 6 52 61 15 37 23 30 44 60 14 7 53 31 45 36 22 58 8 1 51 25 43 34 16 2 48 57 11 33 19 26 40 4 54 63 13 39 21 28 46 62 12 5 55 29 47 38 20 56 10 3 49 27 41 32 18 

Counter: 5
Running times:
Time spent partitioning: 0.005742 
Time spent outer permutation: 0.000000 
Time spent inner permutation: 0.006191 
Total time spent: 0.045361 
../TT_library/dim6/q_6_9.tt
6
0 30 52 59 33 50 31 29 20 26 10 21 1 2 21 7 9 48 21 61 33 21 55 18 62 23 8 48 34 6 30 43 55 5 30 61 16 47 51 29 3 33 0 51 16 63 25 39 40 61 41 45 6 30 13 4 63 58 20 0 37 45 4 29 
L1:
6
0 39 6 33 41 14 47 8 51 20 53 18 26 61 28 59 17 54 23 48 56 31 62 25 34 5 36 3 11 44 13 42 63 24 57 30 22 49 16 55 12 43 10 45 37 2 35 4 46 9 40 15 7 32 1 38 29 58 27 60 52 19 50 21 

A2:
6
0 10 44 38 41 35 5 15 13 7 33 43 36 46 8 2 58 48 22 28 19 25 63 53 55 61 27 17 30 20 50 56 45 39 1 11 4 14 40 34 32 42 12 6 9 3 37 47 23 29 59 49 62 52 18 24 26 16 54 60 51 57 31 21 

A:
6
0 50 59 9 35 17 24 42 6 52 61 15 37 23 30 44 60 14 7 53 31 45 36 22 58 8 1 51 25 43 34 16 2 48 57 11 33 19 26 40 4 54 63 13 39 21 28 46 62 12 5 55 29 47 38 20 56 10 3 49 27 41 32 18 

Counter: 5
Running times:
Time spent partitioning: 0.005805 
Time spent outer permutation: 0.000000 
Time spent inner permutation: 0.006108 
Total time spent: 0.045287 
../TT_library/dim6/q_6_9.tt
6
0 30 52 59 33 50 31 29 20 26 10 21 1 2 21 7 9 48 21 61 33 21 55 18 62 23 8 48 34 6 30 43 55 5 30 61 16 47 51 29 3 33 0 51 16 63 25 39 40 61 41 45 6 30 13 4 63 58 20 0 37 45 4 29 
L1:
6
0 39 6 33 41 14 47 8 51 20 53 18 26 61 28 59 17 54 23 48 56 31 62 25 34 5 36 3 11 44 13 42 63 24 57 30 22 49 16 55 12 43 10 45 37 2 35 4 46 9 40 15 7 32 1 38 29 58 27 60 52 19 50 21 

A2:
6
0 10 44 38 41 35 5 15 13 7 33 43 36 46 8 2 58 48 22 28 19 25 63 53 55 61 27 17 30 20 50 56 45 39 1 11 4 14 40 34 32 42 12 6 9 3 37 47 23 29 59 49 62 52 18 24 26 16 54 60 51 57 31 21 

A:
6
0 50 59 9 35 17 24 42 6 52 61 15 37 23 30 44 60 14 7 53 31 45 36 22 58 8 1 51 25 43 34 16 2 48 57 11 33 19 26 40 4 54 63 13 39 21 28 46 62 12 5 55 29 47 38 20 56 10 3 49 27 41 32 18 

Counter: 5
Running times:
Time spent partitioning: 0.011239 
Time spent outer permutation: 0.000000 
Time spent inner permutation: 0.006129 
Total time spent: 0.068476 
../TT_library/dim6/q_6_9.tt
6
0 30 52 59 33 50 31 29 20 26 10 21 1 2 21 7 9 48 21 61 33 21 55 18 62 23 8 48 34 6 30 43 55 5 30 61 16 47 51 29 3 33 0 51 16 63 25 39 40 61 41 45 6 30 13 4 63 58 20 0 37 45 4 29 
L1:
6
0 39 6 33 41 14 47 8 51 20 53 18 26 61 28 59 17 54 23 48 56 31 62 25 34 5 36 3 11 44 13 42 63 24 57 30 22 49 16 55 12 43 10 45 37 2 35 4 46 9 40 15 7 32 1 38 29 58 27 60 52 19 50 21 

A2:
6
0 10 44 38 41 35 5 15 13 7 33 43 36 46 8 2 58 48 22 28 19 25 63 53 55 61 27 17 30 20 50 56 45 39 1 11 4 14 40 34 32 42 12 6 9 3 37 47 23 29 59 49 62 52 18 24 26 16 54 60 51 57 31 21 

A:
6
0 50 59 9 35 17 24 42 6 52 61 15 37 23 30 44 60 14 7 53 31 45 36 22 58 8 1 51 25 43 34 16 2 48 57 11 33 19 26 40 4 54 63 13 39 21 28 46 62 12 5 55 29 47 38 20 56 10 3 49 27 41 32 18 

Counter: 5
Running times:
Time spent partitioning: 0.014519 
Time spent outer permutation: 0.000000 
Time spent inner permutation: 0.006128 
Total time spent: 0.081327 
1.843174830006319
