Permutations: 4
0 124 194 190 84 40 150 234 248 132 58 70 172 208 110 18 27 103 217 165 79 51 141 241 227 159 33 93 183 203 117 9 232 148 42 86 188 192 126 2 16 108 210 174 68 56 134 250 243 143 49 77 167 219 101 25 11 119 201 181 95 35 157 225 231 155 37 89 179 207 113 13 31 99 221 161 75 55 137 245 252 128 62 66 168 212 106 22 4 120 198 186 80 44 146 238 15 115 205 177 91 39 153 229 247 139 53 73 163 223 97 29 20 104 214 170 64 60 130 254 236 144 46 82 184 196 122 6 141 241 79 51 217 165 27 103 117 9 183 203 33 93 227 159 150 234 84 40 194 190 0 124 110 18 172 208 58 70 248 132 101 25 167 219 49 77 243 143 157 225 95 35 201 181 11 119 126 2 188 192 42 86 232 148 134 250 68 56 210 174 16 108 106 22 168 212 62 66 252 128 146 238 80 44 198 186 4 120 113 13 179 207 37 89 231 155 137 245 75 55 221 161 31 99 130 254 64 60 214 170 20 104 122 6 184 196 46 82 236 144 153 229 91 39 205 177 15 115 97 29 163 223 53 73 247 139 

Walsh Transform:
Time spent partitioning: 1.127970 
Time spent outer permutation: 105.621725 
Time spent inner permutation: 0.320694 
Total time spent: 107.070440 

Permutations: 4
0 124 194 190 84 40 150 234 248 132 58 70 172 208 110 18 27 103 217 165 79 51 141 241 227 159 33 93 183 203 117 9 232 148 42 86 188 192 126 2 16 108 210 174 68 56 134 250 243 143 49 77 167 219 101 25 11 119 201 181 95 35 157 225 231 155 37 89 179 207 113 13 31 99 221 161 75 55 137 245 252 128 62 66 168 212 106 22 4 120 198 186 80 44 146 238 15 115 205 177 91 39 153 229 247 139 53 73 163 223 97 29 20 104 214 170 64 60 130 254 236 144 46 82 184 196 122 6 141 241 79 51 217 165 27 103 117 9 183 203 33 93 227 159 150 234 84 40 194 190 0 124 110 18 172 208 58 70 248 132 101 25 167 219 49 77 243 143 157 225 95 35 201 181 11 119 126 2 188 192 42 86 232 148 134 250 68 56 210 174 16 108 106 22 168 212 62 66 252 128 146 238 80 44 198 186 4 120 113 13 179 207 37 89 231 155 137 245 75 55 221 161 31 99 130 254 64 60 214 170 20 104 122 6 184 196 46 82 236 144 153 229 91 39 205 177 15 115 97 29 163 223 53 73 247 139 

New Algorithm
Time spent partitioning: 0.376619 
Time spent outer permutation: 95.615786 
Time spent inner permutation: 0.315320 
Total time spent: 96.307766 

