Permutations: 360
0 5 220 217 84 81 136 141 118 115 170 175 34 39 254 251 149 144 73 76 193 196 29 24 227 230 63 58 183 178 107 110 211 214 15 10 135 130 91 94 165 160 121 124 241 244 45 40 70 67 154 159 18 23 206 203 48 53 236 233 100 97 184 189 187 190 103 98 239 234 51 54 205 200 17 20 153 156 69 64 46 43 242 247 122 127 166 163 88 93 132 129 12 9 208 213 104 109 180 177 60 57 224 229 30 27 194 199 74 79 150 147 253 248 33 36 169 172 117 112 139 142 87 82 223 218 3 6 65 68 157 152 21 16 201 204 55 50 235 238 99 102 191 186 212 209 8 13 128 133 92 89 162 167 126 123 246 243 42 47 146 151 78 75 198 195 26 31 228 225 56 61 176 181 108 105 7 2 219 222 83 86 143 138 113 116 173 168 37 32 249 252 250 255 38 35 174 171 114 119 140 137 80 85 216 221 4 1 111 106 179 182 59 62 231 226 25 28 197 192 77 72 145 148 41 44 245 240 125 120 161 164 95 90 131 134 11 14 215 210 188 185 96 101 232 237 52 49 202 207 22 19 158 155 66 71 

Walsh Transform:
Time spent partitioning: 1.122792 
Time spent outer permutation: 60.261530 
Time spent inner permutation: 0.313630 
Total time spent: 61.699085 

Permutations: 360
0 124 14 114 196 184 202 182 159 227 145 237 91 39 85 41 32 92 46 82 228 152 234 150 191 195 177 205 123 7 117 9 36 88 42 86 224 156 238 146 187 199 181 201 127 3 113 13 4 120 10 118 192 188 206 178 155 231 149 233 95 35 81 45 158 226 144 236 90 38 84 40 1 125 15 115 197 185 203 183 190 194 176 204 122 6 116 8 33 93 47 83 229 153 235 151 186 198 180 200 126 2 112 12 37 89 43 87 225 157 239 147 154 230 148 232 94 34 80 44 5 121 11 119 193 189 207 179 29 97 19 111 217 165 215 171 130 254 140 240 70 58 72 52 61 65 51 79 249 133 247 139 162 222 172 208 102 26 104 20 57 69 55 75 253 129 243 143 166 218 168 212 98 30 108 16 25 101 23 107 221 161 211 175 134 250 136 244 66 62 76 48 131 255 141 241 71 59 73 53 28 96 18 110 216 164 214 170 163 223 173 209 103 27 105 21 60 64 50 78 248 132 246 138 167 219 169 213 99 31 109 17 56 68 54 74 252 128 242 142 135 251 137 245 67 63 77 49 24 100 22 106 220 160 210 174 

New Algorithm
Time spent partitioning: 0.386807 
Time spent outer permutation: 46.163962 
Time spent inner permutation: 0.360496 
Total time spent: 47.456224 

