336
0 1 2 3 4 5 6 7 8 9 10 11 12 13 14 15 16 17 18 19 20 21 22 23 24 25 26 27 28 29 30 31 32 33 34 35 36 37 38 39 40 41 42 43 44 45 46 47 48 49 50 51 52 53 54 55 56 57 58 59 60 61 62 63
0 63 54 9 36 27 18 45 13 50 59 4 41 22 31 32 62 1 8 55 26 37 44 19 51 12 5 58 23 40 33 30 2 61 52 11 38 25 16 47 15 48 57 6 43 20 29 34 60 3 10 53 24 39 46 17 49 14 7 56 21 42 35 28
0 63 54 9 8 55 62 1 4 59 50 13 12 51 58 5 18 45 36 27 26 37 44 19 22 41 32 31 30 33 40 23 46 17 24 39 38 25 16 47 42 21 28 35 34 29 20 43 60 3 10 53 52 11 2 61 56 7 14 49 48 15 6 57
0 63 42 21 44 19 6 57 38 25 12 51 10 53 32 31 34 29 8 55 14 49 36 27 4 59 46 17 40 23 2 61 33 30 11 52 13 50 39 24 7 56 45 18 43 20 1 62 3 60 41 22 47 16 5 58 37 26 15 48 9 54 35 28
0 63 42 21 8 55 34 29 51 12 25 38 59 4 17 46 6 57 44 19 14 49 36 27 53 10 31 32 61 2 23 40 5 58 47 16 13 50 39 24 54 9 28 35 62 1 20 43 3 60 41 22 11 52 33 30 48 15 26 37 56 7 18 45
0 63 26 37 36 27 62 1 22 41 12 51 50 13 40 23 18 45 8 55 54 9 44 19 4 59 30 33 32 31 58 5 17 46 11 52 53 10 47 16 7 56 29 34 35 28 57 6 3 60 25 38 39 24 61 2 21 42 15 48 49 14 43 20
0 63 26 37 8 55 18 45 51 12 41 22 59 4 33 30 62 1 36 27 54 9 44 19 13 50 23 40 5 58 31 32 61 2 39 24 53 10 47 16 14 49 20 43 6 57 28 35 3 60 25 38 11 52 17 46 48 15 42 21 56 7 34 29
0 63 15 48 44 19 35 28 38 25 41 22 10 53 5 58 43 20 36 27 7 56 8 55 13 50 2 61 33 30 46 17 40 23 39 24 4 59 11 52 14 49 1 62 34 29 45 18 3 60 12 51 47 16 32 31 37 26 42 21 9 54 6 57
0 63 15 48 36 27 43 20 22 41 25 38 50 13 61 2 35 28 44 19 7 56 8 55 53 10 58 5 17 46 30 33 32 31 47 16 4 59 11 52 54 9 57 6 18 45 29 34 3 60 12 51 39 24 40 23 21 42 26 37 49 14 62 1
0 63 14 49 44 19 34 29 53 10 59 4 25 38 23 40 6 57 8 55 42 21 36 27 51 12 61 2 31 32 17 46 58 5 52 11 22 41 24 39 15 48 1 62 35 28 45 18 60 3 50 13 16 47 30 33 9 54 7 56 37 26 43 20
0 63 14 49 8 55 6 57 4 59 10 53 12 51 2 61 34 29 44 19 42 21 36 27 38 25 40 23 46 17 32 31 30 33 16 47 22 41 24 39 26 37 20 43 18 45 28 35 60 3 50 13 52 11 58 5 56 7 54 9 48 15 62 1
0 63 7 56 44 19 43 20 53 10 50 13 25 38 30 33 35 28 36 27 15 48 8 55 22 41 17 46 58 5 61 2 31 32 24 39 51 12 52 11 42 21 45 18 6 57 1 62 60 3 59 4 16 47 23 40 9 54 14 49 37 26 34 29
0 63 7 56 36 27 35 28 13 50 10 53 41 22 46 17 43 20 44 19 15 48 8 55 38 25 33 30 2 61 5 58 23 40 16 47 51 12 52 11 26 37 29 34 62 1 57 6 60 3 59 4 24 39 31 32 49 14 54 9 21 42 18 45
0 61 55 10 39 26 16 45 62 3 9 52 25 36 46 19 51 14 4 57 20 41 35 30 13 48 58 7 42 23 29 32 63 2 8 53 24 37 47 18 1 60 54 11 38 27 17 44 12 49 59 6 43 22 28 33 50 15 5 56 21 40 34 31
0 61 55 10 4 57 51 14 52 9 3 62 48 13 7 58 16 45 39 26 20 41 35 30 36 25 19 46 32 29 23 42 28 33 43 22 24 37 47 18 40 21 31 34 44 17 27 38 12 49 59 6 8 53 63 2 56 5 15 50 60 1 11 54
0 61 40 21 35 30 11 54 24 37 48 13 59 6 19 46 44 17 4 57 15 50 39 26 52 9 28 33 23 42 63 2 29 32 53 8 62 3 22 43 5 56 45 16 38 27 14 51 49 12 25 36 18 47 58 7 41 20 1 60 10 55 34 31
0 61 40 21 4 57 44 17 13 48 37 24 9 52 33 28 11 54 35 30 15 50 39 26 6 59 46 19 2 63 42 23 58 7 18 47 62 3 22 43 55 10 31 34 51 14 27 38 49 12 25 36 53 8 29 32 60 1 20 41 56 5 16 45
0 61 20 41 39 26 51 14 36 25 48 13 3 62 23 42 16 45 4 57 55 10 35 30 52 9 32 29 19 46 7 58 33 28 53 8 6 59 18 47 5 56 17 44 34 31 54 11 49 12 37 24 22 43 2 63 21 40 1 60 50 15 38 27
0 61 20 41 4 57 16 45 13 48 25 36 9 52 29 32 51 14 39 26 55 10 35 30 62 3 42 23 58 7 46 19 2 63 22 43 6 59 18 47 15 50 27 38 11 54 31 34 49 12 37 24 53 8 33 28 60 1 40 21 56 5 44 17
0 61 15 50 35 30 44 17 6 59 9 52 37 24 42 23 11 54 4 57 40 21 39 26 13 48 2 63 46 19 33 28 7 58 8 53 36 25 43 22 1 60 14 51 34 31 45 16 12 49 3 62 47 18 32 29 10 55 5 56 41 20 38 27
0 61 15 50 4 57 11 54 52 9 59 6 48 13 63 2 44 17 35 30 40 21 39 26 24 37 23 42 28 33 19 46 32 29 47 18 36 25 43 22 20 41 27 38 16 45 31 34 12 49 3 62 8 53 7 58 56 5 55 10 60 1 51 14
0 61 5 56 39 26 34 31 62 3 59 6 25 36 28 33 38 27 35 30 1 60 4 57 24 37 29 32 63 2 58 7 42 23 47 18 13 48 8 53 20 41 17 44 51 14 54 11 12 49 9 52 43 22 46 19 50 15 55 10 21 40 16 45
0 61 5 56 35 30 38 27 6 59 3 62 37 24 32 29 34 31 39 26 1 60 4 57 36 25 33 28 7 58 2 63 46 19 43 22 13 48 8 53 40 21 45 16 11 54 14 51 12 49 9 52 47 18 42 23 10 55 15 50 41 20 44 17
0 61 1 60 39 26 38 27 36 25 37 24 3 62 2 63 34 31 35 30 5 56 4 57 6 59 7 58 33 28 32 29 19 46 18 47 52 9 53 8 55 10 54 11 16 45 17 44 49 12 48 13 22 43 23 42 21 40 20 41 50 15 51 14
0 61 1 60 35 30 34 31 24 37 25 36 59 6 58 7 38 27 39 26 5 56 4 57 62 3 63 2 29 32 28 33 23 42 22 43 52 9 53 8 15 50 14 51 44 17 45 16 49 12 48 13 18 47 19 46 41 20 40 21 10 55 11 54
0 58 57 3 52 14 13 55 8 50 49 11 60 6 5 63 43 17 18 40 31 37 38 28 35 25 26 32 23 45 46 20 27 33 34 24 47 21 22 44 19 41 42 16 39 29 30 36 48 10 9 51 4 62 61 7 56 2 1 59 12 54 53 15
0 58 57 3 18 40 43 17 11 49 50 8 25 35 32 26 13 55 52 14 31 37 38 28 6 60 63 5 20 46 45 23 61 7 4 62 47 21 22 44 54 12 15 53 36 30 29 39 48 10 9 51 34 24 27 33 59 1 2 56 41 19 16 42
0 58 54 12 38 28 16 42 47 21 25 35 9 51 63 5 36 30 18 40 2 56 52 14 11 49 61 7 45 23 27 33 46 20 24 34 8 50 62 4 1 59 55 13 39 29 17 43 10 48 60 6 44 22 26 32 37 31 19 41 3 57 53 15
0 58 54 12 18 40 36 30 35 25 21 47 49 11 7 61 16 42 38 28 2 56 52 14 51 9 5 63 33 27 23 45 26 32 44 22 8 50 62 4 57 3 15 53 43 17 29 39 10 48 60 6 24 34 46 20 41 19 31 37 59 1 13 55
0 58 31 37 52 14 43 17 6 60 25 35 50 8 45 23 13 55 18 40 57 3 38 28 11 49 20 46 63 5 32 26 7 61 24 34 51 9 44 22 1 59 30 36 53 15 42 16 10 48 21 47 62 4 33 27 12 54 19 41 56 2 39 29
0 58 31 37 18 40 13 55 35 25 60 6 49 11 46 20 43 17 52 14 57 3 38 28 8 50 23 45 26 32 5 63 33 27 62 4 51 9 44 22 2 56 29 39 16 42 15 53 10 48 21 47 24 34 7 61 41 19 54 12 59 1 36 30
0 58 19 41 52 14 39 29 6 60 21 47 50 8 33 27 53 15 38 28 1 59 18 40 51 9 32 26 7 61 20 46 63 5 44 22 11 49 24 34 57 3 42 16 13 55 30 36 10 48 25 35 62 4 45 23 12 54 31 37 56 2 43 17
0 58 19 41 38 28 53 15 47 21 60 6 9 51 26 32 39 29 52 14 1 59 18 40 8 50 27 33 46 20 61 7 45 23 62 4 11 49 24 34 2 56 17 43 36 30 55 13 10 48 25 35 44 22 63 5 37 31 54 12 3 57 16 42
0 58 2 56 38 28 36 30 51 9 49 11 21 47 23 45 16 42 18 40 54 12 52 14 35 25 33 27 5 63 7 61 32 26 34 24 6 60 4 62 19 41 17 43 53 15 55 13 48 10 50 8 22 44 20 46 3 57 1 59 37 31 39 29
0 58 2 56 18 40 16 42 11 49 9 51 25 35 27 33 36 30 38 28 54 12 52 14 47 21 45 23 61 7 63 5 20 46 22 44 6 60 4 62 31 37 29 39 13 55 15 53 48 10 50 8 34 24 32 26 59 1 57 3 41 19 43 17
0 58 1 59 52 14 53 15 8 50 9 51 60 6 61 7 39 29 38 28 19 41 18 40 47 21 46 20 27 33 26 32 23 45 22 44 35 25 34 24 31 37 30 36 43 17 42 16 48 10 49 11 4 62 5 63 56 2 57 3 12 54 13 55
0 58 1 59 38 28 39 29 51 9 50 8 21 47 20 46 53 15 52 14 19 41 18 40 6 60 7 61 32 26 33 27 5 63 4 62 35 25 34 24 54 12 55 13 16 42 17 43 48 10 49 11 22 44 23 45 3 57 2 56 37 31 36 30
0 57 58 3 34 27 24 33 11 50 49 8 41 16 19 42 62 7 4 61 28 37 38 31 53 12 15 54 23 46 45 20 14 55 52 13 44 21 22 47 5 60 63 6 39 30 29 36 48 9 10 51 18 43 40 17 59 2 1 56 25 32 35 26
0 57 58 3 4 61 62 7 8 49 50 11 12 53 54 15 24 33 34 27 28 37 38 31 16 41 42 19 20 45 46 23 40 17 18 43 44 21 22 47 32 25 26 35 36 29 30 39 48 9 10 51 52 13 14 55 56 1 2 59 60 5 6 63
0 57 32 25 38 31 6 63 44 21 12 53 10 51 42 19 36 29 4 61 2 59 34 27 8 49 40 17 46 23 14 55 45 20 13 52 11 50 43 18 1 56 33 24 39 30 7 62 9 48 41 16 47 22 15 54 37 28 5 60 3 58 35 26
0 57 32 25 4 61 36 29 53 12 21 44 49 8 17 40 6 63 38 31 2 59 34 27 51 10 19 42 55 14 23 46 15 54 47 22 11 50 43 18 58 3 26 35 62 7 30 39 9 48 41 16 13 52 45 20 60 5 28 37 56 1 24 33
0 57 28 37 34 27 62 7 16 41 12 53 50 11 46 23 24 33 4 61 58 3 38 31 8 49 20 45 42 19 54 15 17 40 13 52 51 10 47 22 1 56 29 36 35 26 63 6 9 48 21 44 43 18 55 14 25 32 5 60 59 2 39 30
0 57 28 37 4 61 24 33 53 12 41 16 49 8 45 20 62 7 34 27 58 3 38 31 11 50 23 46 15 54 19 42 55 14 43 18 51 10 47 22 2 59 30 39 6 63 26 35 9 48 21 44 13 52 17 40 60 5 32 25 56 1 36 29
0 57 5 60 38 31 35 26 44 21 41 16 10 51 15 54 39 30 34 27 1 56 4 61 11 50 14 55 45 20 40 17 46 23 43 18 8 49 13 52 2 59 7 62 36 29 33 24 9 48 12 53 47 22 42 19 37 28 32 25 3 58 6 63
0 57 5 60 34 27 39 30 16 41 21 44 50 11 55 14 35 26 38 31 1 56 4 61 51 10 54 15 17 40 20 45 42 19 47 22 8 49 13 52 58 3 63 6 24 33 29 36 9 48 12 53 43 18 46 23 25 32 28 37 59 2 62 7
0 57 2 59 38 31 36 29 51 10 49 8 21 44 23 46 6 63 4 61 32 25 34 27 53 12 55 14 19 42 17 40 54 15 52 13 16 41 18 43 5 60 7 62 35 26 33 24 48 9 50 11 22 47 20 45 3 58 1 56 37 28 39 30
0 57 2 59 4 61 6 63 8 49 10 51 12 53 14 55 36 29 38 31 32 25 34 27 44 21 46 23 40 17 42 19 20 45 22 47 16 41 18 43 28 37 30 39 24 33 26 35 48 9 50 11 52 13 54 15 56 1 58 3 60 5 62 7
0 57 1 56 38 31 39 30 51 10 50 11 21 44 20 45 35 26 34 27 5 60 4 61 16 41 17 40 54 15 55 14 19 42 18 43 53 12 52 13 32 25 33 24 6 63 7 62 48 9 49 8 22 47 23 46 3 58 2 59 37 28 36 29
0 57 1 56 34 27 35 26 11 50 10 51 41 16 40 17 39 30 38 31 5 60 4 61 44 21 45 20 14 55 15 54 23 46 22 47 53 12 52 13 28 37 29 36 62 7 63 6 48 9 49 8 18 43 19 42 59 2 58 3 25 32 24 33
0 55 61 10 43 28 22 33 62 9 3 52 21 34 40 31 53 2 8 63 30 41 35 20 11 60 54 1 32 23 29 42 57 14 4 51 18 37 47 24 7 48 58 13 44 27 17 38 12 59 49 6 39 16 26 45 50 5 15 56 25 46 36 19
0 55 61 10 8 63 53 2 52 3 9 62 60 11 1 54 22 33 43 28 30 41 35 20 34 21 31 40 42 29 23 32 26 45 39 16 18 37 47 24 46 25 19 36 38 17 27 44 12 59 49 6 4 51 57 14 56 15 5 50 48 7 13 58
0 55 46 25 35 20 13 58 18 37 60 11 49 6 31 40 38 17 8 63 5 50 43 28 52 3 26 45 23 32 57 14 29 42 51 4 62 9 16 39 15 56 33 22 44 27 2 53 59 12 21 34 24 47 54 1 41 30 7 48 10 61 36 19
0 55 46 25 8 63 38 17 11 60 37 18 3 52 45 26 13 58 35 20 5 50 43 28 6 49 40 31 14 57 32 23 54 1 24 47 62 9 16 39 61 10 19 36 53 2 27 44 59 12 21 34 51 4 29 42 48 7 30 41 56 15 22 33
0 55 30 41 43 28 53 2 34 21 60 11 9 62 23 32 22 33 8 63 61 10 35 20 52 3 42 29 31 40 1 54 45 26 51 4 6 49 24 47 15 56 17 38 36 19 58 13 59 12 37 18 16 39 14 57 25 46 7 48 50 5 44 27
0 55 30 41 8 63 22 33 11 60 21 34 3 52 29 42 53 2 43 28 61 10 35 20 62 9 32 23 54 1 40 31 14 57 16 39 6 49 24 47 5 50 27 44 13 58 19 36 59 12 37 18 51 4 45 26 48 7 46 25 56 15 38 17
0 55 15 56 43 28 36 19 62 9 49 6 21 34 26 45 44 27 35 20 7 48 8 63 18 37 29 42 57 14 54 1 32 23 47 24 11 60 4 51 30 41 17 38 53 2 58 13 12 59 3 52 39 16 40 31 50 5 61 10 25 46 22 33
0 55 15 56 35 20 44 27 6 49 9 62 37 18 42 29 36 19 43 28 7 48 8 63 34 21 45 26 1 54 14 57 40 31 39 16 11 60 4 51 46 25 33 22 13 58 2 53 12 59 3 52 47 24 32 23 10 61 5 50 41 30 38 17
0 55 7 48 43 28 44 27 34 21 37 18 9 62 14 57 36 19 35 20 15 56 8 63 6 49 1 54 45 26 42 29 31 40 24 47 52 3 51 4 61 10 58 13 22 33 17 38 59 12 60 11 16 39 23 32 25 46 30 41 50 5 53 2
0 55 7 48 35 20 36 19 18 37 21 34 49 6 54 1 44 27 43 28 15 56 8 63 62 9 57 14 29 42 26 45 23 32 16 39 52 3 51 4 5 50 2 53 38 17 33 22 59 12 60 11 24 47 31 40 41 30 46 25 10 61 13 58
0 55 5 50 35 20 38 17 6 49 3 52 37 18 32 23 13 58 8 63 46 25 43 28 11 60 14 57 40 31 45 26 1 54 4 51 34 21 39 16 7 48 2 53 36 19 33 22 12 59 9 62 47 24 42 29 10 61 15 56 41 30 44 27
0 55 5 50 8 63 13 58 52 3 49 6 60 11 57 14 38 17 35 20 46 25 43 28 18 37 23 32 26 45 31 40 42 29 47 24 34 21 39 16 30 41 27 44 22 33 19 36 12 59 9 62 4 51 1 54 56 15 61 10 48 7 53 2
0 54 63 9 52 2 11 61 4 50 59 13 48 6 15 57 39 17 24 46 19 37 44 26 35 21 28 42 23 33 40 30 27 45 36 18 47 25 16 38 31 41 32 22 43 29 20 34 60 10 3 53 8 62 55 1 56 14 7 49 12 58 51 5
0 54 63 9 24 46 39 17 13 59 50 4 21 35 42 28 11 61 52 2 19 37 44 26 6 48 57 15 30 40 33 23 55 1 8 62 47 25 16 38 58 12 5 51 34 20 29 43 60 10 3 53 36 18 27 45 49 7 14 56 41 31 22 32
0 54 58 12 44 26 22 32 47 25 21 35 3 53 57 15 34 20 24 46 14 56 52 2 13 59 55 1 33 23 27 45 40 30 18 36 4 50 62 8 7 49 61 11 43 29 17 39 10 60 48 6 38 16 28 42 37 19 31 41 9 63 51 5
0 54 58 12 24 46 34 20 35 21 25 47 59 13 1 55 22 32 44 26 14 56 52 2 53 3 15 57 45 27 23 33 28 42 38 16 4 50 62 8 63 9 5 51 39 17 29 43 10 60 48 6 18 36 40 30 41 31 19 37 49 7 11 61
0 54 31 41 52 2 43 29 6 48 25 47 50 4 45 27 51 5 44 26 7 49 24 46 53 3 42 28 1 55 30 40 57 15 38 16 13 59 18 36 63 9 32 22 11 61 20 34 10 60 21 35 62 8 33 23 12 58 19 37 56 14 39 17
0 54 31 41 44 26 51 5 47 25 48 6 3 53 28 42 43 29 52 2 7 49 24 46 4 50 27 45 40 30 55 1 33 23 62 8 13 59 18 36 14 56 17 39 34 20 61 11 10 60 21 35 38 16 57 15 37 19 58 12 9 63 22 32
0 54 19 37 52 2 39 17 6 48 21 35 50 4 33 23 11 61 24 46 63 9 44 26 13 59 30 40 57 15 42 28 1 55 18 36 53 3 38 16 7 49 20 34 51 5 32 22 10 60 25 47 62 8 45 27 12 58 31 41 56 14 43 29
0 54 19 37 24 46 11 61 35 21 48 6 59 13 40 30 39 17 52 2 63 9 44 26 4 50 23 33 28 42 15 57 45 27 62 8 53 3 38 16 14 56 29 43 22 32 5 51 10 60 25 47 18 36 1 55 41 31 58 12 49 7 34 20
0 54 14 56 44 26 34 20 53 3 59 13 25 47 23 33 22 32 24 46 58 12 52 2 35 21 45 27 15 57 1 55 42 28 36 18 6 48 8 62 31 41 17 39 51 5 61 11 60 10 50 4 16 38 30 40 9 63 7 49 37 19 43 29
0 54 14 56 24 46 22 32 13 59 3 53 21 35 27 45 34 20 44 26 58 12 52 2 47 25 33 23 55 1 57 15 30 40 16 38 6 48 8 62 19 37 29 43 11 61 5 51 60 10 50 4 36 18 42 28 49 7 63 9 41 31 39 17
0 54 7 49 52 2 51 5 4 50 3 53 48 6 55 1 43 29 44 26 31 41 24 46 47 25 40 30 27 45 28 42 23 33 16 38 35 21 36 18 19 37 20 34 39 17 32 22 60 10 59 13 8 62 15 57 56 14 63 9 12 58 11 61
0 54 7 49 44 26 43 29 53 3 50 4 25 47 30 40 51 5 52 2 31 41 24 46 6 48 1 55 42 28 45 27 15 57 8 62 35 21 36 18 58 12 61 11 22 32 17 39 60 10 59 13 16 38 23 33 9 63 14 56 37 19 34 20
0 46 55 25 51 29 4 42 11 37 60 18 56 22 15 33 47 1 24 54 28 50 43 5 36 10 19 61 23 57 32 14 20 58 35 13 39 9 16 62 31 49 40 6 44 2 27 53 59 21 12 34 8 38 63 17 48 30 7 41 3 45 52 26
0 46 55 25 24 54 47 1 18 60 37 11 10 36 61 19 4 42 51 29 28 50 43 5 22 56 33 15 14 32 57 23 63 17 8 38 39 9 16 62 45 3 26 52 53 27 2 44 59 21 12 34 35 13 20 58 41 7 30 48 49 31 6 40
0 46 45 3 43 5 6 40 39 9 10 36 12 34 33 15 53 27 24 54 30 48 51 29 18 60 63 17 57 23 20 58 32 14 13 35 11 37 38 8 7 41 42 4 44 2 1 47 21 59 56 22 62 16 19 61 50 28 31 49 25 55 52 26
0 46 45 3 24 54 53 27 36 10 9 39 60 18 17 63 6 40 43 5 30 48 51 29 34 12 15 33 58 20 23 57 19 61 62 16 11 37 38 8 55 25 26 52 47 1 2 44 21 59 56 22 13 35 32 14 49 31 28 50 41 7 4 42
0 46 31 49 51 29 44 2 22 56 9 39 37 11 58 20 52 26 43 5 7 41 24 54 34 12 61 19 17 63 14 32 33 15 62 16 18 60 13 35 55 25 40 6 4 42 27 53 21 59 10 36 38 8 57 23 3 45 28 50 48 30 47 1
0 46 31 49 43 5 52 26 39 9 56 22 12 34 19 61 44 2 51 29 7 41 24 54 11 37 20 58 32 14 63 17 57 23 38 8 18 60 13 35 30 48 1 47 53 27 42 4 21 59 10 36 62 16 33 15 50 28 45 3 25 55 6 40
0 46 30 48 43 5 53 27 34 12 60 18 9 39 23 57 6 40 24 54 45 3 51 29 36 10 58 20 15 33 17 63 61 19 35 13 22 56 8 38 31 49 1 47 52 26 42 4 59 21 37 11 16 62 14 32 25 55 7 41 50 28 44 2
0 46 30 48 24 54 6 40 18 60 12 34 10 36 20 58 53 27 43 5 45 3 51 29 39 9 57 23 63 17 33 15 14 32 16 62 22 56 8 38 28 50 2 44 4 42 26 52 59 21 37 11 35 13 61 19 41 7 55 25 49 31 47 1
0 46 28 50 51 29 47 1 22 56 10 36 37 11 57 23 4 42 24 54 55 25 43 5 18 60 14 32 33 15 61 19 17 63 13 35 34 12 62 16 7 41 27 53 52 26 40 6 21 59 9 39 38 8 58 20 3 45 31 49 48 30 44 2
0 46 28 50 24 54 4 42 36 10 56 22 60 18 32 14 47 1 51 29 55 25 43 5 11 37 23 57 19 61 15 33 58 20 38 8 34 12 62 16 30 48 2 44 6 40 26 52 21 59 9 39 13 35 17 63 49 31 45 3 41 7 53 27
0 46 7 41 51 29 52 26 11 37 12 34 56 22 63 17 44 2 43 5 31 49 24 54 39 9 32 14 20 58 19 61 23 57 16 62 36 10 35 13 28 50 27 53 47 1 40 6 59 21 60 18 8 38 15 33 48 30 55 25 3 45 4 42
0 46 7 41 43 5 44 2 34 12 37 11 9 39 14 32 52 26 51 29 31 49 24 54 22 56 17 63 61 19 58 20 15 33 8 38 36 10 35 13 45 3 42 4 6 40 1 47 59 21 60 18 16 62 23 57 25 55 30 48 50 28 53 27
0 45 46 3 62 19 16 61 39 10 9 36 25 52 55 26 35 14 13 32 29 48 51 30 4 41 42 7 58 23 20 57 54 27 24 53 8 37 38 11 17 60 63 18 47 2 1 44 21 56 59 22 43 6 5 40 50 31 28 49 12 33 34 15
0 45 46 3 13 32 35 14 36 9 10 39 41 4 7 42 16 61 62 19 29 48 51 30 52 25 26 55 57 20 23 58 5 40 43 6 8 37 38 11 33 12 15 34 44 1 2 47 21 56 59 22 24 53 54 27 49 28 31 50 60 17 18 63
0 45 33 12 51 30 18 63 8 37 41 4 59 22 26 55 44 1 13 32 31 50 62 19 36 9 5 40 23 58 54 27 20 57 53 24 39 10 6 43 28 49 61 16 47 2 14 35 56 21 25 52 11 38 42 7 48 29 17 60 3 46 34 15
0 45 33 12 13 32 44 1 4 41 37 8 9 36 40 5 18 63 51 30 31 50 62 19 22 59 55 26 27 54 58 23 42 7 11 38 39 10 6 43 46 3 15 34 35 14 2 47 56 21 25 52 53 24 20 57 60 17 29 48 49 28 16 61
0 45 31 50 51 30 44 1 22 59 9 36 37 8 58 23 18 63 13 32 33 12 62 19 4 41 27 54 55 26 40 5 7 42 24 53 52 25 43 6 17 60 14 35 34 15 61 16 21 56 10 39 38 11 57 20 3 46 28 49 48 29 47 2
0 45 31 50 13 32 18 63 36 9 59 22 41 4 54 27 44 1 51 30 33 12 62 19 8 37 23 58 5 40 26 55 57 20 38 11 52 25 43 6 29 48 2 47 16 61 15 34 21 56 10 39 24 53 7 42 49 28 46 3 60 17 35 14
0 45 29 48 62 19 35 14 52 25 41 4 10 39 23 58 16 61 13 32 46 3 51 30 36 9 57 20 26 55 7 42 40 5 53 24 22 59 11 38 28 49 1 44 34 15 63 18 56 21 37 8 6 43 27 54 12 33 17 60 50 31 47 2
0 45 29 48 13 32 16 61 4 41 25 52 9 36 20 57 35 14 62 19 46 3 51 30 39 10 58 23 42 7 55 26 27 54 6 43 22 59 11 38 31 50 2 47 18 63 15 34 56 21 37 8 53 24 40 5 60 17 33 12 49 28 44 1
0 45 28 49 62 19 34 15 39 10 59 22 25 52 5 40 47 2 51 30 17 60 13 32 8 37 20 57 54 27 42 7 58 23 38 11 4 41 24 53 29 48 1 44 35 14 63 18 21 56 9 36 43 6 55 26 50 31 46 3 12 33 16 61
0 45 28 49 51 30 47 2 22 59 10 39 37 8 57 20 34 15 62 19 17 60 13 32 52 25 40 5 7 42 27 54 55 26 43 6 4 41 24 53 33 12 61 16 18 63 14 35 21 56 9 36 38 11 58 23 3 46 31 50 48 29 44 1
0 45 17 60 62 19 47 2 52 25 37 8 10 39 27 54 34 15 51 30 28 49 13 32 22 59 7 42 40 5 57 20 26 55 11 38 36 9 53 24 46 3 63 18 16 61 1 44 56 21 41 4 6 43 23 58 12 33 29 48 50 31 35 14
0 45 17 60 51 30 34 15 8 37 25 52 59 22 42 7 47 2 62 19 28 49 13 32 39 10 54 27 20 57 5 40 23 58 6 43 36 9 53 24 31 50 14 35 44 1 61 16 56 21 41 4 11 38 26 55 48 29 33 12 3 46 18 63
0 42 63 21 47 5 16 58 38 12 25 51 9 35 54 28 52 30 11 33 27 49 36 14 18 56 45 7 61 23 2 40 55 29 8 34 24 50 39 13 17 59 46 4 62 20 1 43 3 41 60 22 44 6 19 57 37 15 26 48 10 32 53 31
0 42 63 21 11 33 52 30 51 25 12 38 56 18 7 45 16 58 47 5 27 49 36 14 35 9 28 54 40 2 23 61 19 57 44 6 24 50 39 13 32 10 31 53 43 1 20 62 3 41 60 22 8 34 55 29 48 26 15 37 59 17 4 46
0 42 32 10 36 14 4 46 24 50 56 18 60 22 28 54 43 1 11 33 15 37 47 5 51 25 19 57 23 61 55 29 2 40 34 8 38 12 6 44 26 48 58 16 62 20 30 52 41 3 9 35 13 39 45 7 49 27 17 59 21 63 53 31
0 42 32 10 11 33 43 1 18 56 50 24 25 51 57 19 4 46 36 14 15 37 47 5 22 60 54 28 29 55 61 23 45 7 13 39 38 12 6 44 63 21 31 53 52 30 20 62 41 3 9 35 34 8 2 40 59 17 27 49 48 26 16 58
0 42 27 49 47 5 52 30 35 9 56 18 12 38 23 61 16 58 11 33 63 21 36 14 51 25 40 2 28 54 7 45 57 19 34 8 22 60 13 39 26 48 1 43 53 31 46 4 41 3 50 24 6 44 29 55 10 32 17 59 37 15 62 20
0 42 27 49 11 33 16 58 18 56 9 35 25 51 2 40 52 30 47 5 63 21 36 14 38 12 61 23 45 7 54 28 29 55 6 44 22 60 13 39 15 37 20 62 4 46 31 53 41 3 50 24 34 8 57 19 59 17 32 10 48 26 43 1
0 42 26 48 47 5 53 31 38 12 60 22 9 35 19 57 62 20 36 14 17 59 11 33 24 50 2 40 55 29 45 7 61 23 39 13 18 56 8 34 27 49 1 43 52 30 46 4 3 41 25 51 44 6 54 28 37 15 63 21 10 32 16 58
0 42 26 48 36 14 62 20 22 60 12 38 50 24 40 2 53 31 47 5 17 59 11 33 35 9 57 19 7 45 29 55 54 28 44 6 18 56 8 34 32 10 58 16 4 46 30 52 3 41 25 51 39 13 61 23 21 63 15 37 49 27 43 1
0 42 17 59 47 5 62 20 35 9 50 24 12 38 29 55 53 31 36 14 26 48 11 33 22 60 7 45 57 19 40 2 28 54 13 39 51 25 34 8 63 21 46 4 16 58 1 43 41 3 56 18 6 44 23 61 10 32 27 49 37 15 52 30
0 42 17 59 36 14 53 31 24 50 9 35 60 22 45 7 62 20 47 5 26 48 11 33 38 12 55 29 2 40 19 57 23 61 6 44 51 25 34 8 15 37 30 52 43 1 58 16 41 3 56 18 13 39 28 54 49 27 32 10 21 63 4 46
0 42 15 37 36 14 43 1 22 60 25 51 50 24 61 23 4 46 11 33 32 10 47 5 18 56 29 55 54 28 57 19 7 45 8 34 35 9 44 6 17 59 30 52 53 31 58 16 3 41 12 38 39 13 40 2 21 63 26 48 49 27 62 20
0 42 15 37 11 33 4 46 51 25 60 22 56 18 55 29 43 1 36 14 32 10 47 5 24 50 23 61 19 57 28 54 40 2 39 13 35 9 44 6 27 49 20 62 16 58 31 53 3 41 12 38 8 34 7 45 48 26 63 21 59 17 52 30
0 40 61 21 53 29 8 32 13 37 48 24 56 16 5 45 47 7 18 58 26 50 39 15 34 10 31 55 23 63 42 2 30 54 35 11 43 3 22 62 19 59 46 6 38 14 27 51 49 25 12 36 4 44 57 17 60 20 1 41 9 33 52 28
0 40 61 21 18 58 47 7 24 48 37 13 10 34 55 31 8 32 53 29 26 50 39 15 16 56 45 5 2 42 63 23 57 17 4 44 43 3 22 62 33 9 28 52 51 27 14 38 49 25 12 36 35 11 30 54 41 1 20 60 59 19 6 46
0 40 33 9 39 15 6 46 43 3 10 34 12 36 45 5 51 27 18 58 20 60 53 29 24 48 57 17 63 23 30 54 42 2 11 35 13 37 44 4 1 41 32 8 38 14 7 47 25 49 56 16 62 22 31 55 50 26 19 59 21 61 52 28
0 40 33 9 18 58 51 27 34 10 3 43 48 24 17 57 6 46 39 15 20 60 53 29 36 12 5 45 54 30 23 63 31 55 62 22 13 37 44 4 61 21 28 52 47 7 14 38 25 49 56 16 11 35 42 2 59 19 26 50 41 1 8 32
0 40 26 50 53 29 47 7 16 56 10 34 37 13 63 23 8 32 18 58 61 21 39 15 24 48 2 42 45 5 55 31 17 57 11 35 36 12 62 22 1 41 27 51 52 28 46 6 25 49 3 43 44 4 54 30 9 33 19 59 60 20 38 14
0 40 26 50 18 58 8 32 34 10 56 16 48 24 42 2 47 7 53 29 61 21 39 15 13 37 23 63 31 55 5 45 54 30 44 4 36 12 62 22 20 60 14 38 6 46 28 52 25 49 3 43 11 35 17 57 59 19 33 9 41 1 51 27
0 40 20 60 39 15 51 27 36 12 48 24 3 43 23 63 6 46 18 58 33 9 53 29 34 10 54 30 5 45 17 57 55 31 35 11 16 56 4 44 19 59 7 47 52 28 32 8 49 25 37 13 22 62 2 42 21 61 1 41 50 26 38 14
0 40 20 60 18 58 6 46 24 48 12 36 10 34 30 54 51 27 39 15 33 9 53 29 43 3 63 23 57 17 45 5 2 42 22 62 16 56 4 44 26 50 14 38 8 32 28 52 49 25 37 13 35 11 55 31 41 1 61 21 59 19 47 7
0 40 19 59 53 29 38 14 16 56 3 43 37 13 54 30 52 28 39 15 1 41 18 58 36 12 55 31 17 57 2 42 45 5 62 22 24 48 11 35 61 21 46 6 8 32 27 51 25 49 10 34 44 4 63 23 9 33 26 50 60 20 47 7
0 40 19 59 39 15 52 28 43 3 56 16 12 36 31 55 38 14 53 29 1 41 18 58 13 37 30 54 42 2 57 17 63 23 44 4 24 48 11 35 20 60 7 47 51 27 32 8 25 49 10 34 62 22 45 5 50 26 33 9 21 61 6 46
0 40 1 41 53 29 52 28 13 37 12 36 56 16 57 17 38 14 39 15 19 59 18 58 43 3 42 2 30 54 31 55 23 63 22 62 34 10 35 11 26 50 27 51 47 7 46 6 49 25 48 24 4 44 5 45 60 20 61 21 9 33 8 32
0 40 1 41 39 15 38 14 36 12 37 13 3 43 2 42 52 28 53 29 19 59 18 58 16 56 17 57 55 31 54 30 5 45 4 44 34 10 35 11 33 9 32 8 6 46 7 47 49 25 48 24 22 62 23 63 21 61 20 60 50 26 51 27
0 33 45 12 53 20 24 57 4 37 41 8 49 16 28 61 38 7 11 42 19 50 62 31 34 3 15 46 23 54 58 27 30 63 51 18 43 10 6 39 26 59 55 22 47 14 2 35 56 25 21 52 13 44 32 1 60 29 17 48 9 40 36 5
0 33 45 12 11 42 38 7 8 41 37 4 3 34 46 15 24 57 53 20 19 50 62 31 16 49 61 28 27 58 54 23 32 1 13 44 43 10 6 39 40 9 5 36 35 2 14 47 56 25 21 52 51 18 30 63 48 17 29 60 59 26 22 55
0 33 40 9 62 31 22 55 43 10 3 34 21 52 61 28 35 2 11 42 29 60 53 20 8 41 32 1 54 23 30 63 58 27 18 51 4 37 44 13 17 48 57 24 47 14 7 38 25 56 49 16 39 6 15 46 50 19 26 59 12 45 36 5
0 33 40 9 11 42 35 2 34 3 10 43 41 8 1 32 22 55 62 31 29 60 53 20 52 21 28 61 63 30 23 54 15 46 39 6 4 37 44 13 45 12 5 36 38 7 14 47 25 56 49 16 18 51 58 27 59 26 19 50 48 17 24 57
0 33 29 60 62 31 35 2 52 21 41 8 10 43 23 54 22 55 11 42 40 9 53 20 34 3 63 30 28 61 1 32 46 15 51 18 16 49 13 44 26 59 7 38 36 5 57 24 56 25 37 4 6 39 27 58 12 45 17 48 50 19 47 14
0 33 29 60 11 42 22 55 8 41 21 52 3 34 30 63 35 2 62 31 40 9 53 20 43 10 54 23 32 1 61 28 27 58 6 39 16 49 13 44 19 50 14 47 24 57 5 36 56 25 37 4 51 18 46 15 48 17 45 12 59 26 38 7
0 33 26 59 62 31 36 5 43 10 49 16 21 52 15 46 47 14 53 20 17 48 11 42 4 37 30 63 58 27 32 1 54 23 44 13 8 41 18 51 29 60 7 38 35 2 57 24 25 56 3 34 39 6 61 28 50 19 40 9 12 45 22 55
0 33 26 59 53 20 47 14 16 49 10 43 37 4 63 30 36 5 62 31 17 48 11 42 52 21 46 15 1 32 27 58 61 28 39 6 8 41 18 51 45 12 55 22 24 57 2 35 25 56 3 34 44 13 54 23 9 40 19 50 60 29 38 7
0 33 19 50 53 20 38 7 16 49 3 34 37 4 54 23 24 57 11 42 45 12 62 31 8 41 27 58 61 28 46 15 1 32 18 51 52 21 39 6 17 48 2 35 36 5 55 22 25 56 10 43 44 13 63 30 9 40 26 59 60 29 47 14
0 33 19 50 11 42 24 57 34 3 49 16 41 8 58 27 38 7 53 20 45 12 62 31 4 37 23 54 15 46 28 61 63 30 44 13 52 21 39 6 29 60 14 47 22 55 5 36 25 56 10 43 18 51 1 32 59 26 40 9 48 17 35 2
0 33 17 48 62 31 47 14 52 21 37 4 10 43 27 58 36 5 53 20 26 59 11 42 16 49 1 32 46 15 63 30 28 61 13 44 34 3 51 18 40 9 57 24 22 55 7 38 56 25 41 8 6 39 23 54 12 45 29 60 50 19 35 2
0 33 17 48 53 20 36 5 4 37 21 52 49 16 32 1 47 14 62 31 26 59 11 42 43 10 58 27 30 63 15 46 23 54 6 39 34 3 51 18 19 50 2 35 38 7 55 22 56 25 41 8 13 44 28 61 60 29 45 12 9 40 24 57
0 32 57 25 47 15 22 54 44 12 21 53 3 35 58 26 52 20 13 45 27 59 34 2 24 56 33 1 55 23 14 46 61 29 4 36 18 50 43 11 17 49 40 8 62 30 7 39 9 41 48 16 38 6 31 63 37 5 28 60 10 42 51 19
0 32 57 25 13 45 52 20 53 21 12 44 56 24 1 33 22 54 47 15 27 59 34 2 35 3 26 58 46 14 23 55 31 63 38 6 18 50 43 11 42 10 19 51 39 7 30 62 9 41 48 16 4 36 61 29 60 28 5 37 49 17 8 40
0 32 42 10 34 2 8 40 18 50 56 24 48 16 26 58 39 7 13 45 5 37 47 15 53 21 31 63 23 55 61 29 14 46 36 4 44 12 6 38 28 60 54 22 62 30 20 52 41 9 3 35 11 43 33 1 59 27 17 49 25 57 51 19
0 32 42 10 13 45 39 7 24 56 50 18 21 53 63 31 8 40 34 2 5 37 47 15 16 48 58 26 29 61 55 23 33 1 11 43 44 12 6 38 57 25 19 51 52 20 30 62 41 9 3 35 36 4 14 46 49 17 27 59 60 28 22 54
0 32 28 60 47 15 51 19 44 12 48 16 3 35 31 63 62 30 34 2 17 49 13 45 18 50 14 46 61 29 33 1 55 23 43 11 24 56 4 36 27 59 7 39 52 20 40 8 9 41 21 53 38 6 58 26 37 5 57 25 10 42 22 54
0 32 28 60 34 2 62 30 16 48 12 44 50 18 46 14 51 19 47 15 17 49 13 45 35 3 63 31 1 33 29 61 58 26 38 6 24 56 4 36 42 10 54 22 8 40 20 52 9 41 21 53 43 11 55 23 25 57 5 37 59 27 39 7
0 32 27 59 47 15 52 20 35 3 56 24 12 44 23 55 22 54 13 45 57 25 34 2 53 21 46 14 26 58 1 33 63 31 36 4 16 48 11 43 28 60 7 39 51 19 40 8 41 9 50 18 6 38 29 61 10 42 17 49 37 5 62 30
0 32 27 59 13 45 22 54 24 56 3 35 21 53 14 46 52 20 47 15 57 25 34 2 44 12 55 23 33 1 58 26 29 61 6 38 16 48 11 43 5 37 30 62 8 40 19 51 41 9 50 18 36 4 63 31 49 17 42 10 60 28 39 7
0 32 17 49 47 15 62 30 35 3 50 18 12 44 29 61 51 19 34 2 28 60 13 45 16 48 1 33 63 31 46 14 26 58 11 43 53 21 36 4 57 25 40 8 22 54 7 39 41 9 56 24 6 38 23 55 10 42 27 59 37 5 52 20
0 32 17 49 34 2 51 19 18 50 3 35 48 16 33 1 62 30 47 15 28 60 13 45 44 12 61 29 14 46 31 63 23 55 6 38 53 21 36 4 5 37 20 52 39 7 54 22 41 9 56 24 11 43 26 58 59 27 42 10 25 57 8 40
0 32 5 37 34 2 39 7 16 48 21 53 50 18 55 23 8 40 13 45 42 10 47 15 24 56 29 61 58 26 63 31 1 33 4 36 35 3 38 6 17 49 20 52 51 19 54 22 9 41 12 44 43 11 46 14 25 57 28 60 59 27 62 30
0 32 5 37 13 45 8 40 53 21 48 16 56 24 61 29 39 7 34 2 42 10 47 15 18 50 23 55 31 63 26 58 46 14 43 11 35 3 38 6 27 59 30 62 22 54 19 51 9 41 12 44 4 36 1 33 60 28 57 25 49 17 52 20
0 31 58 37 62 33 4 27 6 25 60 35 56 39 2 29 34 61 24 7 28 3 38 57 36 59 30 1 26 5 32 63 40 55 18 13 22 9 44 51 46 49 20 11 16 15 42 53 10 21 48 47 52 43 14 17 12 19 54 41 50 45 8 23
0 31 58 37 24 7 34 61 35 60 25 6 59 36 1 30 4 27 62 33 28 3 38 57 39 56 29 2 63 32 5 26 14 17 52 43 22 9 44 51 45 50 23 8 53 42 15 16 10 21 48 47 18 13 40 55 41 54 19 12 49 46 11 20
0 31 54 41 62 33 8 23 6 25 48 47 56 39 14 17 16 15 38 57 46 49 24 7 22 9 32 63 40 55 30 1 26 5 44 51 36 59 18 13 28 3 42 53 34 61 20 11 10 21 60 35 52 43 2 29 12 19 58 37 50 45 4 27
0 31 54 41 38 57 16 15 47 48 25 6 9 22 63 32 8 23 62 33 46 49 24 7 39 56 17 14 1 30 55 40 2 29 52 43 36 59 18 13 45 50 27 4 11 20 61 34 10 21 60 35 44 51 26 5 37 58 19 12 3 28 53 42
0 31 46 49 62 33 16 15 39 56 9 22 25 6 55 40 8 23 38 57 54 41 24 7 47 48 1 30 17 14 63 32 29 2 51 44 35 60 13 18 58 37 20 11 4 27 42 53 21 10 59 36 43 52 5 26 50 45 28 3 12 19 34 61
0 31 46 49 38 57 8 23 22 9 56 39 48 47 30 1 16 15 62 33 54 41 24 7 6 25 40 55 32 63 14 17 5 26 43 52 35 60 13 18 19 12 61 34 53 42 27 4 21 10 59 36 51 44 29 2 3 28 45 50 37 58 11 20
0 31 45 50 38 57 11 20 22 9 59 36 48 47 29 2 53 42 24 7 19 12 62 33 35 60 14 17 5 26 40 55 32 63 13 18 6 25 43 52 54 41 27 4 16 15 61 34 21 10 56 39 51 44 30 1 3 28 46 49 37 58 8 23
0 31 45 50 24 7 53 42 36 59 9 22 60 35 17 14 11 20 38 57 19 12 62 33 47 48 2 29 55 40 26 5 30 1 51 44 6 25 43 52 58 37 23 8 34 61 15 16 21 10 56 39 13 18 32 63 49 46 28 3 41 54 4 27
0 31 28 3 62 33 34 61 39 56 59 36 25 6 5 26 4 27 24 7 58 37 38 57 35 60 63 32 29 2 1 30 17 14 13 18 47 48 51 44 54 41 42 53 8 23 20 11 21 10 9 22 43 52 55 40 50 45 46 49 12 19 16 15
0 31 28 3 24 7 4 27 36 59 56 39 60 35 32 63 34 61 62 33 58 37 38 57 6 25 26 5 30 1 2 29 55 40 43 52 47 48 51 44 19 12 15 16 11 20 23 8 21 10 9 22 13 18 17 14 49 46 45 50 41 54 53 42
0 31 19 12 38 57 53 42 47 48 60 35 9 22 26 5 11 20 24 7 45 50 62 33 36 59 55 40 2 29 17 14 1 30 18 13 39 56 52 43 46 49 61 34 8 23 27 4 10 21 25 6 44 51 63 32 37 58 54 41 3 28 16 15
0 31 19 12 24 7 11 20 35 60 48 47 59 36 40 55 53 42 38 57 45 50 62 33 22 9 5 26 14 17 29 2 63 32 44 51 39 56 52 43 28 3 15 16 4 27 23 8 10 21 25 6 18 13 1 30 41 54 58 37 49 46 34 61
0 30 55 41 51 45 4 26 11 21 60 34 56 38 15 17 39 57 16 14 20 10 35 61 44 50 27 5 31 1 40 54 28 2 43 53 47 49 24 6 23 9 32 62 36 58 19 13 59 37 12 18 8 22 63 33 48 46 7 25 3 29 52 42
0 30 55 41 16 14 39 57 34 60 21 11 50 44 5 27 4 26 51 45 20 10 35 61 38 56 17 15 54 40 1 31 63 33 8 22 47 49 24 6 29 3 42 52 13 19 58 36 59 37 12 18 43 53 28 2 25 7 46 48 9 23 62 32
0 30 46 48 35 61 13 19 18 12 60 34 49 47 31 1 62 32 16 14 29 3 51 45 44 50 2 28 15 17 33 63 5 27 43 53 38 56 8 22 23 9 57 39 52 42 26 4 59 37 21 11 24 6 54 40 41 55 7 25 10 20 36 58
0 30 46 48 16 14 62 32 34 60 12 18 50 44 28 2 13 19 35 61 29 3 51 45 47 49 1 31 63 33 17 15 54 40 24 6 38 56 8 22 20 10 58 36 4 26 42 52 59 37 21 11 43 53 5 27 25 7 55 41 9 23 39 57
0 30 29 3 35 61 62 32 47 49 50 44 12 18 17 15 13 19 16 14 46 48 51 45 34 60 63 33 1 31 28 2 40 54 53 43 11 21 22 8 7 25 26 4 36 58 57 39 37 59 56 38 6 24 27 5 10 20 23 9 41 55 52 42
0 30 29 3 16 14 13 19 44 50 49 47 60 34 33 63 62 32 35 61 46 48 51 45 18 12 15 17 2 28 31 1 27 5 6 24 11 21 22 8 55 41 42 52 39 57 58 36 37 59 56 38 53 43 40 54 9 23 20 10 25 7 4 26
0 30 23 9 51 45 36 58 38 56 49 47 21 11 2 28 52 42 35 61 7 25 16 14 18 12 5 27 33 63 54 40 17 15 6 24 34 60 53 43 55 41 32 62 4 26 19 13 37 59 50 44 22 8 1 31 3 29 20 10 48 46 39 57
0 30 23 9 35 61 52 42 47 49 56 38 12 18 27 5 36 58 51 45 7 25 16 14 11 21 28 2 40 54 63 33 1 31 22 8 34 60 53 43 46 48 57 39 13 19 26 4 37 59 50 44 6 24 17 15 10 20 29 3 41 55 62 32
0 30 20 10 51 45 39 57 38 56 50 44 21 11 1 31 4 26 16 14 55 41 35 61 34 60 54 40 17 15 5 27 33 63 53 43 18 12 6 24 7 25 19 13 52 42 32 62 37 59 49 47 22 8 2 28 3 29 23 9 48 46 36 58
0 30 20 10 16 14 4 26 44 50 56 38 60 34 40 54 39 57 51 45 55 41 35 61 11 21 31 1 27 5 15 17 2 28 22 8 18 12 6 24 46 48 58 36 62 32 42 52 37 59 49 47 53 43 33 63 9 23 29 3 25 7 13 19
0 30 7 25 51 45 52 42 11 21 12 18 56 38 63 33 36 58 35 61 23 9 16 14 47 49 40 54 28 2 27 5 31 1 24 6 44 50 43 53 20 10 19 13 39 57 32 62 59 37 60 34 8 22 15 17 48 46 55 41 3 29 4 26
0 30 7 25 35 61 36 58 18 12 21 11 49 47 54 40 52 42 51 45 23 9 16 14 38 56 33 63 5 27 2 28 15 17 8 22 44 50 43 53 29 3 26 4 62 32 57 39 59 37 60 34 24 6 31 1 41 55 46 48 10 20 13 19
0 29 45 48 53 40 24 5 4 25 41 52 49 44 28 1 43 54 6 27 30 3 51 46 47 50 2 31 26 7 55 42 19 14 62 35 38 59 11 22 23 10 58 39 34 63 15 18 56 37 21 8 13 16 32 61 60 33 17 12 9 20 36 57
0 29 45 48 6 27 43 54 52 41 25 4 50 47 31 2 24 5 53 40 30 3 51 46 44 49 1 28 42 55 7 26 32 61 13 16 38 59 11 22 20 9 57 36 18 15 63 34 56 37 21 8 62 35 19 14 12 17 33 60 10 23 39 58
0 29 33 60 51 46 18 15 8 21 41 52 59 38 26 7 39 58 6 27 20 9 53 40 47 50 14 19 28 1 61 32 31 2 62 35 44 49 13 16 23 10 54 43 36 57 5 24 56 37 25 4 11 22 42 55 48 45 17 12 3 30 34 63
0 29 33 60 6 27 39 58 52 41 21 8 50 47 19 14 18 15 51 46 20 9 53 40 38 59 7 26 32 61 1 28 42 55 11 22 44 49 13 16 30 3 63 34 24 5 57 36 56 37 25 4 62 35 31 2 12 17 45 48 10 23 43 54
0 29 30 3 53 40 43 54 44 49 50 47 25 4 7 26 24 5 6 27 45 48 51 46 52 41 42 55 1 28 31 2 61 32 35 62 8 21 22 11 17 12 15 18 36 57 58 39 37 56 59 38 16 13 14 19 9 20 23 10 60 33 34 63
0 29 30 3 6 27 24 5 47 50 49 44 41 52 55 42 43 54 53 40 45 48 51 46 4 25 26 7 2 31 28 1 14 19 16 13 8 21 22 11 33 60 63 34 39 58 57 36 37 56 59 38 35 62 61 32 10 23 20 9 12 17 18 15
0 29 23 10 53 40 34 63 44 49 59 38 25 4 14 19 36 57 51 46 17 12 6 27 8 21 31 2 61 32 42 55 1 28 22 11 52 41 35 62 45 48 58 39 24 5 15 18 37 56 50 47 16 13 7 26 9 20 30 3 60 33 43 54
0 29 23 10 51 46 36 57 38 59 49 44 21 8 2 31 34 63 53 40 17 12 6 27 4 25 19 14 55 42 32 61 7 26 16 13 52 41 35 62 33 60 54 43 18 15 5 24 37 56 50 47 22 11 1 28 3 30 20 9 48 45 39 58
0 29 20 9 51 46 39 58 38 59 50 47 21 8 1 28 18 15 6 27 33 60 53 40 52 41 32 61 7 26 19 14 55 42 35 62 4 25 16 13 17 12 5 24 34 63 54 43 37 56 49 44 22 11 2 31 3 30 23 10 48 45 36 57
0 29 20 9 6 27 18 15 47 50 59 38 41 52 61 32 39 58 51 46 33 60 53 40 8 21 28 1 14 19 26 7 2 31 22 11 4 25 16 13 45 48 57 36 43 54 63 34 37 56 49 44 35 62 55 42 10 23 30 3 12 17 24 5
0 29 17 12 53 40 36 57 4 25 21 8 49 44 32 61 34 63 51 46 23 10 6 27 38 59 55 42 19 14 2 31 26 7 11 22 47 50 62 35 30 3 15 18 43 54 58 39 56 37 41 52 13 16 28 1 60 33 45 48 9 20 24 5
0 29 17 12 51 46 34 63 8 21 25 4 59 38 42 55 36 57 53 40 23 10 6 27 44 49 61 32 31 2 14 19 28 1 13 16 47 50 62 35 20 9 5 24 39 58 54 43 56 37 41 52 11 22 26 7 48 45 33 60 3 30 18 15
0 28 57 37 43 55 18 14 16 12 41 53 59 39 2 30 52 40 13 17 31 3 38 58 36 56 29 1 15 19 54 42 61 33 4 24 22 10 47 51 45 49 20 8 6 26 63 35 9 21 48 44 34 62 27 7 25 5 32 60 50 46 11 23
0 28 57 37 13 17 52 40 53 41 12 16 56 36 1 29 18 14 43 55 31 3 38 58 39 59 30 2 42 54 19 15 27 7 34 62 22 10 47 51 46 50 23 11 35 63 26 6 9 21 48 44 4 24 61 33 60 32 5 25 49 45 8 20
0 28 46 50 38 58 8 20 22 10 56 36 48 44 30 2 35 63 13 17 5 25 43 55 53 41 27 7 19 15 61 33 54 42 24 4 16 12 62 34 32 60 14 18 6 26 40 52 21 9 59 39 51 47 29 1 3 31 45 49 37 57 11 23
0 28 46 50 13 17 35 63 36 56 10 22 41 53 7 27 8 20 38 58 5 25 43 55 44 48 2 30 33 61 15 19 29 1 51 47 16 12 62 34 57 37 23 11 52 40 26 6 21 9 59 39 24 4 54 42 49 45 31 3 60 32 18 14
0 28 45 49 43 55 6 26 39 59 10 22 12 16 33 61 11 23 38 58 32 60 13 17 44 48 1 29 7 27 42 54 30 2 51 47 53 41 24 4 57 37 20 8 18 14 63 35 21 9 56 36 62 34 19 15 50 46 31 3 25 5 52 40
0 28 45 49 38 58 11 23 22 10 59 39 48 44 29 1 6 26 43 55 32 60 13 17 16 12 61 33 54 42 27 7 19 15 62 34 53 41 24 4 5 25 40 52 35 63 14 18 21 9 56 36 51 47 30 2 3 31 46 50 37 57 8 20
0 28 32 60 43 55 11 23 16 12 48 44 59 39 27 7 6 26 38 58 45 49 13 17 22 10 54 42 61 33 29 1 15 19 47 51 36 56 4 24 31 3 63 35 52 40 20 8 9 21 41 53 34 62 2 30 25 5 57 37 50 46 18 14
0 28 32 60 38 58 6 26 44 48 12 16 10 22 42 54 11 23 43 55 45 49 13 17 39 59 7 27 1 29 33 61 2 30 34 62 36 56 4 24 46 50 14 18 8 20 40 52 9 21 41 53 47 51 15 19 37 57 5 25 3 31 35 63
0 28 31 3 43 55 52 40 39 59 56 36 12 16 19 15 18 14 13 17 57 37 38 58 53 41 42 54 30 2 1 29 7 27 24 4 44 48 51 47 32 60 63 35 11 23 20 8 21 9 10 22 62 34 33 61 50 46 45 49 25 5 6 26
0 28 31 3 13 17 18 14 36 56 59 39 41 53 54 42 52 40 43 55 57 37 38 58 16 12 15 19 29 1 2 30 33 61 62 34 44 48 51 47 5 25 26 6 8 20 23 11 21 9 10 22 24 4 7 27 49 45 46 50 60 32 35 63
0 28 5 25 38 58 35 63 44 48 41 53 10 22 15 19 8 20 13 17 46 50 43 55 36 56 33 61 2 30 7 27 1 29 4 24 39 59 34 62 45 49 40 52 11 23 14 18 9 21 12 16 47 51 42 54 37 57 32 60 3 31 6 26
0 28 5 25 13 17 8 20 53 41 48 44 56 36 61 33 35 63 38 58 46 50 43 55 22 10 19 15 27 7 30 2 42 54 47 51 39 59 34 62 31 3 26 6 18 14 23 11 9 21 12 16 4 24 1 29 60 32 57 37 49 45 52 40
0 27 42 49 34 57 8 19 18 9 56 35 48 43 26 1 44 55 6 29 14 21 36 63 62 37 20 15 28 7 54 45 5 30 47 52 39 60 13 22 23 12 61 38 53 46 31 4 41 50 3 24 11 16 33 58 59 32 17 10 25 2 51 40
0 27 42 49 6 29 44 55 35 56 9 18 37 62 15 20 8 19 34 57 14 21 36 63 43 48 1 26 45 54 7 28 33 58 11 16 39 60 13 22 2 25 40 51 4 31 46 53 41 50 3 24 47 52 5 30 10 17 32 59 12 23 38 61
0 27 32 59 36 63 4 31 24 3 56 35 60 39 28 7 38 61 6 29 2 25 34 57 62 37 30 5 26 1 58 33 15 20 47 52 43 48 11 16 23 12 55 44 51 40 19 8 41 50 9 18 13 22 45 54 49 42 17 10 21 14 53 46
0 27 32 59 6 29 38 61 35 56 3 24 37 62 5 30 4 31 36 63 2 25 34 57 39 60 7 28 33 58 1 26 45 54 13 22 43 48 11 16 14 21 46 53 8 19 40 51 41 50 9 18 47 52 15 20 10 17 42 49 12 23 44 55
0 27 23 12 36 63 51 40 39 60 48 43 3 24 20 15 53 46 34 57 17 10 6 29 18 9 5 30 54 45 33 58 7 28 16 11 35 56 52 47 32 59 55 44 4 31 19 8 50 41 37 62 22 13 1 26 21 14 2 25 49 42 38 61
0 27 23 12 34 57 53 46 43 48 60 39 9 18 30 5 51 40 36 63 17 10 6 29 24 3 15 20 58 33 45 54 1 26 22 13 35 56 52 47 42 49 61 38 8 19 31 4 50 41 37 62 16 11 7 28 25 2 14 21 59 32 44 55
0 27 17 10 36 63 53 46 24 3 9 18 60 39 45 54 51 40 34 57 23 12 6 29 43 48 58 33 15 20 30 5 26 1 11 16 62 37 47 52 2 25 19 8 38 61 55 44 41 50 56 35 13 22 28 7 49 42 32 59 21 14 4 31
0 27 17 10 34 57 51 40 18 9 3 24 48 43 33 58 53 46 36 63 23 12 6 29 39 60 54 45 5 30 20 15 28 7 13 22 62 37 47 52 14 21 31 4 44 55 61 38 41 50 56 35 11 16 26 1 59 32 42 49 25 2 8 19
0 27 14 21 34 57 44 55 43 48 37 62 9 18 7 28 8 19 6 29 42 49 36 63 35 56 45 54 1 26 15 20 58 33 52 47 24 3 22 13 17 10 31 4 51 40 61 38 50 41 60 39 16 11 30 5 25 2 23 12 59 32 53 46
0 27 14 21 6 29 8 19 62 37 48 43 56 35 54 45 44 55 34 57 42 49 36 63 18 9 28 7 20 15 26 1 30 5 16 11 24 3 22 13 32 59 46 53 38 61 40 51 50 41 60 39 52 47 58 33 12 23 2 25 10 17 4 31
0 27 2 25 36 63 38 61 39 60 37 62 3 24 1 26 4 31 6 29 32 59 34 57 35 56 33 58 7 28 5 30 54 45 52 47 18 9 16 11 17 10 19 8 53 46 55 44 50 41 48 43 22 13 20 15 21 14 23 12 49 42 51 40
0 27 2 25 6 29 4 31 62 37 60 39 56 35 58 33 38 61 36 63 32 59 34 57 24 3 26 1 30 5 28 7 20 15 22 13 18 9 16 11 42 49 40 51 44 55 46 53 50 41 48 43 52 47 54 45 12 23 14 21 10 17 8 19
0 26 63 37 39 61 24 2 22 12 41 51 49 43 14 20 52 46 11 17 19 9 44 54 34 56 29 7 5 31 58 32 55 45 8 18 16 10 47 53 33 59 30 4 6 28 57 35 3 25 60 38 36 62 27 1 21 15 42 48 50 40 13 23
0 26 63 37 11 17 52 46 51 41 12 22 56 34 7 29 24 2 39 61 19 9 44 54 43 49 20 14 32 58 31 5 27 1 36 62 16 10 47 53 40 50 23 13 35 57 28 6 3 25 60 38 8 18 55 45 48 42 15 21 59 33 4 30
0 26 42 48 44 54 6 28 38 60 12 22 10 16 32 58 13 23 39 61 33 59 11 17 43 49 1 27 7 29 45 55 14 20 36 62 34 56 8 18 40 50 2 24 4 30 46 52 3 25 41 51 47 53 5 31 37 63 15 21 9 19 35 57
0 26 42 48 39 61 13 23 22 12 60 38 49 43 27 1 6 28 44 54 33 59 11 17 16 10 58 32 55 45 29 7 5 31 47 53 34 56 8 18 19 9 57 35 52 46 30 4 3 25 41 51 36 62 14 20 21 15 63 37 50 40 24 2
0 26 40 50 44 54 4 30 16 10 56 34 60 38 20 14 35 57 11 17 15 21 39 61 51 41 27 1 31 5 55 45 58 32 18 8 22 12 62 36 42 48 2 24 6 28 46 52 25 3 49 43 53 47 29 7 9 19 33 59 37 63 13 23
0 26 40 50 11 17 35 57 34 56 10 16 41 51 1 27 4 30 44 54 15 21 39 61 38 60 14 20 45 55 5 31 29 7 53 47 22 12 62 36 63 37 23 13 52 46 28 6 25 3 49 43 18 8 58 32 59 33 19 9 48 42 24 2
0 26 33 59 44 54 13 23 16 10 49 43 60 38 29 7 6 28 39 61 42 48 11 17 22 12 55 45 58 32 27 1 31 5 62 36 51 41 18 8 15 21 46 52 35 57 2 24 25 3 56 34 53 47 20 14 9 19 40 50 37 63 4 30
0 26 33 59 39 61 6 28 43 49 10 16 12 22 45 55 13 23 44 54 42 48 11 17 38 60 7 29 1 27 32 58 20 14 53 47 51 41 18 8 63 37 30 4 24 2 57 35 25 3 56 34 62 36 31 5 50 40 19 9 21 15 52 46
0 26 19 9 39 61 52 46 43 49 56 34 12 22 31 5 24 2 11 17 63 37 44 54 51 41 32 58 20 14 7 29 1 27 18 8 38 60 53 47 42 48 57 35 13 23 30 4 25 3 10 16 62 36 45 55 50 40 33 59 21 15 6 28
0 26 19 9 11 17 24 2 34 56 49 43 41 51 58 32 52 46 39 61 63 37 44 54 22 12 5 31 29 7 14 20 45 55 62 36 38 60 53 47 15 21 28 6 4 30 23 13 25 3 10 16 18 8 1 27 59 33 40 50 48 42 35 57
0 26 15 21 44 54 35 57 38 60 41 51 10 16 5 31 4 30 11 17 40 50 39 61 34 56 45 55 14 20 1 27 7 29 8 18 43 49 36 62 33 59 46 52 13 23 2 24 3 25 12 22 47 53 32 58 37 63 42 48 9 19 6 28
0 26 15 21 11 17 4 30 51 41 60 38 56 34 55 45 35 57 44 54 40 50 39 61 16 10 31 5 27 1 20 14 32 58 47 53 43 49 36 62 19 9 28 6 24 2 23 13 3 25 12 22 8 18 7 29 48 42 63 37 59 33 52 46
0 23 30 9 22 1 8 31 38 49 56 47 48 39 46 57 24 15 6 17 14 25 16 7 62 41 32 55 40 63 54 33 61 42 35 52 43 60 53 34 27 12 5 18 13 26 19 4 37 50 59 44 51 36 45 58 3 20 29 10 21 2 11 28
0 23 30 9 6 17 24 15 47 56 49 38 41 62 55 32 8 31 22 1 14 25 16 7 39 48 57 46 33 54 63 40 45 58 51 36 43 60 53 34 2 21 28 11 4 19 26 13 37 50 59 44 35 52 61 42 10 29 20 3 12 27 18 5
0 23 29 10 22 1 11 28 38 49 59 44 48 39 45 58 13 26 16 7 27 12 6 17 43 60 54 33 61 42 32 55 40 63 53 34 62 41 35 52 14 25 19 4 24 15 5 18 37 50 56 47 51 36 46 57 3 20 30 9 21 2 8 31
0 23 29 10 16 7 13 26 44 59 49 38 60 43 33 54 11 28 22 1 27 12 6 17 39 48 58 45 55 32 42 61 46 57 51 36 62 41 35 52 2 21 31 8 18 5 15 24 37 50 56 47 53 34 40 63 9 30 20 3 25 14 4 19
0 23 27 12 22 1 13 26 39 48 60 43 49 38 42 61 11 28 16 7 29 10 6 17 44 59 55 32 58 45 33 54 57 46 34 53 47 56 52 35 30 9 5 18 8 31 19 4 50 37 41 62 36 51 63 40 21 2 14 25 3 20 24 15
0 23 27 12 16 7 11 28 43 60 48 39 59 44 32 55 13 26 22 1 29 10 6 17 38 49 61 42 54 33 45 58 63 40 36 51 47 56 52 35 20 3 15 24 4 19 31 8 50 37 41 62 34 53 57 46 25 14 2 21 9 30 18 5
0 23 20 3 16 7 4 19 44 59 56 47 60 43 40 63 18 5 6 17 2 21 22 1 62 41 42 61 46 57 58 45 55 32 35 52 39 48 51 36 27 12 15 24 11 28 31 8 37 50 49 38 53 34 33 54 9 30 29 10 25 14 13 26
0 23 20 3 6 17 18 5 47 56 59 44 41 62 61 42 4 19 16 7 2 21 22 1 43 60 63 40 45 58 57 46 33 54 53 34 39 48 51 36 14 25 26 13 8 31 28 11 37 50 49 38 35 52 55 32 10 29 30 9 12 27 24 15
0 23 14 25 22 1 24 15 39 48 41 62 49 38 63 40 8 31 6 17 30 9 16 7 47 56 33 54 57 46 55 32 58 45 52 35 44 59 34 53 29 10 19 4 11 28 5 18 50 37 60 43 36 51 42 61 21 2 27 12 3 20 13 26
0 23 14 25 6 17 8 31 62 41 48 39 56 47 54 33 24 15 22 1 30 9 16 7 38 49 40 63 32 55 46 57 42 61 36 51 44 59 34 53 20 3 26 13 18 5 28 11 50 37 60 43 52 35 58 45 12 27 2 21 10 29 4 19
0 23 2 21 16 7 18 5 43 60 41 62 59 44 57 46 4 19 6 17 20 3 22 1 47 56 45 58 63 40 61 42 54 33 52 35 38 49 36 51 29 10 31 8 13 26 15 24 50 37 48 39 34 53 32 55 25 14 27 12 9 30 11 28
0 23 2 21 6 17 4 19 62 41 60 43 56 47 58 45 18 5 16 7 20 3 22 1 44 59 46 57 42 61 40 63 32 55 34 53 38 49 36 51 30 9 28 11 24 15 26 13 50 37 48 39 52 35 54 33 12 27 14 25 10 29 8 31
0 20 61 41 53 33 8 28 13 25 48 36 56 44 5 17 43 63 22 2 30 10 35 55 38 50 27 15 19 7 46 58 26 14 39 51 47 59 18 6 23 3 42 62 34 54 31 11 49 37 12 24 4 16 57 45 60 40 1 21 9 29 52 32
0 20 61 41 22 2 43 63 36 48 25 13 50 38 15 27 8 28 53 33 30 10 35 55 44 56 17 5 58 46 7 19 57 45 4 16 47 59 18 6 29 9 32 52 11 31 54 34 49 37 12 24 39 51 26 14 21 1 40 60 3 23 62 42
0 20 40 60 35 55 11 31 24 12 48 36 59 47 19 7 62 42 22 2 29 9 53 33 38 50 14 26 5 17 45 57 15 27 39 51 44 56 4 16 23 3 63 43 52 32 28 8 49 37 25 13 18 6 58 46 41 61 1 21 10 30 34 54
0 20 40 60 22 2 62 42 36 48 12 24 50 38 26 14 11 31 35 55 29 9 53 33 47 59 7 19 57 45 17 5 58 46 18 6 44 56 4 16 30 10 54 34 8 28 32 52 49 37 25 13 39 51 15 27 21 1 61 41 3 23 43 63
0 20 30 10 53 33 43 63 44 56 50 38 25 13 7 19 8 28 22 2 61 41 35 55 36 48 58 46 17 5 15 27 45 57 51 39 24 12 6 18 1 21 31 11 52 32 42 62 37 49 59 47 16 4 14 26 9 29 23 3 60 40 34 54
0 20 30 10 22 2 8 28 38 50 56 44 48 36 46 58 43 63 53 33 61 41 35 55 13 25 19 7 27 15 5 17 14 26 16 4 24 12 6 18 40 60 54 34 62 42 32 52 37 49 59 47 51 39 45 57 3 23 29 9 21 1 11 31
0 20 29 9 35 55 62 42 47 59 50 38 12 24 17 5 11 31 22 2 40 60 53 33 36 48 57 45 7 19 26 14 46 58 51 39 13 25 16 4 1 21 28 8 34 54 63 43 37 49 56 44 6 18 27 15 10 30 23 3 41 61 52 32
0 20 29 9 22 2 11 31 38 50 59 47 48 36 45 57 62 42 35 55 40 60 53 33 24 12 5 17 14 26 19 7 27 15 6 18 13 25 16 4 61 41 32 52 43 63 54 34 37 49 56 44 51 39 46 58 3 23 30 10 21 1 8 28
0 20 23 3 53 33 34 54 44 56 59 47 25 13 14 26 52 32 35 55 1 21 22 2 24 12 15 27 45 57 58 46 17 5 6 18 36 48 51 39 61 41 42 62 8 28 31 11 37 49 50 38 16 4 7 19 9 29 30 10 60 40 43 63
0 20 23 3 35 55 52 32 47 59 56 44 12 24 27 15 34 54 53 33 1 21 22 2 13 25 26 14 46 58 57 45 7 19 16 4 36 48 51 39 40 60 63 43 11 31 28 8 37 49 50 38 6 18 17 5 10 30 29 9 41 61 62 42
0 20 1 21 53 33 52 32 13 25 12 24 56 44 57 45 34 54 35 55 23 3 22 2 47 59 46 58 26 14 27 15 19 7 18 6 38 50 39 51 30 10 31 11 43 63 42 62 49 37 48 36 4 16 5 17 60 40 61 41 9 29 8 28
0 20 1 21 35 55 34 54 24 12 25 13 59 47 58 46 52 32 53 33 23 3 22 2 44 56 45 57 15 27 14 26 5 17 4 16 38 50 39 51 29 9 28 8 62 42 63 43 49 37 48 36 18 6 19 7 41 61 40 60 10 30 11 31
0 19 58 41 62 45 4 23 6 21 60 47 56 43 2 17 22 5 44 63 40 59 18 1 16 3 42 57 46 61 20 7 28 15 38 53 34 49 24 11 26 9 32 51 36 55 30 13 10 25 48 35 52 39 14 29 12 31 54 37 50 33 8 27
0 19 58 41 44 63 22 5 47 60 21 6 3 16 57 42 4 23 62 45 40 59 18 1 43 56 17 2 7 20 61 46 14 29 52 39 34 49 24 11 33 50 27 8 13 30 55 36 10 25 48 35 38 53 28 15 37 54 31 12 9 26 51 32
0 19 54 37 62 45 8 27 6 21 48 35 56 43 14 29 36 55 18 1 26 9 44 63 34 49 20 7 28 15 42 57 46 61 24 11 16 3 38 53 40 59 30 13 22 5 32 51 10 25 60 47 52 39 2 17 12 31 58 41 50 33 4 23
0 19 54 37 18 1 36 55 35 48 21 6 49 34 7 20 8 27 62 45 26 9 44 63 43 56 29 14 57 42 15 28 2 17 52 39 16 3 38 53 33 50 23 4 51 32 5 22 10 25 60 47 24 11 46 61 41 58 31 12 59 40 13 30
0 19 40 59 62 45 22 5 43 56 3 16 21 6 61 46 4 23 44 63 58 41 18 1 47 60 7 20 17 2 57 42 29 14 53 38 35 48 11 24 54 37 30 13 8 27 32 51 25 10 49 34 39 52 15 28 50 33 26 9 12 31 36 55
0 19 40 59 44 63 4 23 16 3 56 43 60 47 20 7 22 5 62 45 58 41 18 1 6 21 46 61 42 57 2 17 15 28 39 52 35 48 11 24 31 12 55 36 51 32 27 8 25 10 49 34 53 38 29 14 9 26 33 50 37 54 13 30
0 19 33 50 44 63 13 30 16 3 49 34 60 47 29 14 51 32 18 1 31 12 62 45 35 48 2 17 15 28 46 61 42 57 11 24 6 21 39 52 58 41 27 8 22 5 55 36 25 10 56 43 53 38 20 7 9 26 40 59 37 54 4 23
0 19 33 50 18 1 51 32 34 49 3 16 48 35 17 2 13 30 44 63 31 12 62 45 47 60 14 29 61 46 28 15 20 7 53 38 6 21 39 52 54 37 23 4 36 55 5 22 25 10 56 43 11 24 42 57 59 40 26 9 41 58 8 27
0 19 31 12 44 63 51 32 47 60 48 35 3 16 28 15 13 30 18 1 33 50 62 45 34 49 61 46 14 29 17 2 7 20 24 11 43 56 52 39 40 59 55 36 4 23 27 8 10 25 21 6 38 53 57 42 37 54 58 41 9 26 22 5
0 19 31 12 18 1 13 30 35 48 60 47 49 34 46 61 51 32 44 63 33 50 62 45 16 3 15 28 2 17 29 14 57 42 38 53 43 56 52 39 26 9 5 22 8 27 23 4 10 25 21 6 24 11 7 20 41 58 54 37 59 40 36 55
0 19 26 9 62 45 36 55 43 56 49 34 21 6 15 28 8 27 18 1 54 37 44 63 35 48 57 42 29 14 7 20 17 2 11 24 47 60 53 38 58 41 32 51 4 23 30 13 25 10 3 16 39 52 61 46 50 33 40 59 12 31 22 5
0 19 26 9 18 1 8 27 34 49 56 43 48 35 42 57 36 55 62 45 54 37 44 63 6 21 28 15 20 7 14 29 61 46 39 52 47 60 53 38 31 12 5 22 13 30 23 4 25 10 3 16 11 24 17 2 59 40 33 50 41 58 51 32
0 17 45 60 11 26 38 55 8 25 37 52 3 18 46 63 43 58 6 23 32 49 13 28 35 50 14 31 40 57 5 20 19 2 62 47 24 9 53 36 27 10 54 39 16 1 61 44 56 41 21 4 51 34 30 15 48 33 29 12 59 42 22 7
0 17 45 60 6 23 43 58 52 37 25 8 50 35 31 14 38 55 11 26 32 49 13 28 18 3 63 46 20 5 57 40 30 15 51 34 24 9 53 36 42 59 7 22 44 61 1 16 56 41 21 4 62 47 19 2 12 29 33 48 10 27 39 54
0 17 42 59 13 28 39 54 24 9 50 35 21 4 63 46 44 61 6 23 33 48 11 26 52 37 30 15 57 40 19 2 5 20 47 62 8 25 34 51 29 12 55 38 16 1 58 43 41 56 3 18 36 53 14 31 49 32 27 10 60 45 22 7
0 17 42 59 6 23 44 61 35 50 9 24 37 52 15 30 39 54 13 28 33 48 11 26 4 21 46 63 2 19 40 57 14 31 36 53 8 25 34 51 45 60 7 22 43 58 1 16 41 56 3 18 47 62 5 20 10 27 32 49 12 29 38 55
0 17 33 48 13 28 44 61 4 21 37 52 9 24 40 57 39 54 6 23 42 59 11 26 35 50 2 19 46 63 15 30 31 14 62 47 18 3 51 34 27 10 58 43 22 7 55 38 56 41 25 8 53 36 20 5 60 45 29 12 49 32 16 1
0 17 33 48 6 23 39 54 52 37 21 4 50 35 19 2 44 61 13 28 42 59 11 26 24 9 57 40 30 15 63 46 20 5 53 36 18 3 51 34 32 49 1 16 38 55 7 22 56 41 25 8 62 47 31 14 12 29 45 60 10 27 43 58
0 17 32 49 11 26 43 58 18 3 50 35 25 8 57 40 38 55 6 23 45 60 13 28 52 37 20 5 63 46 31 14 15 30 47 62 4 21 36 53 29 12 61 44 22 7 54 39 41 56 9 24 34 51 2 19 59 42 27 10 48 33 16 1
0 17 32 49 6 23 38 55 35 50 3 18 37 52 5 20 43 58 11 26 45 60 13 28 8 25 40 57 14 31 46 63 2 19 34 51 4 21 36 53 33 48 1 16 39 54 7 22 41 56 9 24 47 62 15 30 10 27 42 59 12 29 44 61
0 17 29 12 13 28 16 1 4 21 25 8 9 24 20 5 22 7 11 26 27 10 6 23 18 3 15 30 31 14 2 19 46 63 51 34 35 50 62 47 42 59 55 38 39 54 58 43 56 41 37 52 53 36 40 57 60 45 33 48 49 32 44 61
0 17 29 12 11 26 22 7 8 25 21 4 3 18 30 15 16 1 13 28 27 10 6 23 24 9 5 20 19 2 14 31 40 57 53 36 35 50 62 47 32 49 61 44 43 58 54 39 56 41 37 52 51 34 46 63 48 33 45 60 59 42 38 55
0 17 27 10 13 28 22 7 24 9 3 18 21 4 14 31 16 1 11 26 29 12 6 23 8 25 19 2 5 20 30 15 57 40 34 51 52 37 47 62 33 48 58 43 44 61 55 38 41 56 50 35 36 53 63 46 49 32 42 59 60 45 39 54
0 17 27 10 11 26 16 1 18 3 9 24 25 8 2 19 22 7 13 28 29 12 6 23 4 21 31 14 15 30 20 5 63 46 36 53 52 37 47 62 45 60 54 39 38 55 61 44 41 56 50 35 34 51 57 40 59 42 32 49 48 33 43 58
0 15 63 48 47 32 16 31 38 41 25 22 9 6 54 57 24 23 39 40 55 56 8 7 62 49 1 14 17 30 46 33 27 20 36 43 52 59 11 4 61 50 2 13 18 29 45 34 3 12 60 51 44 35 19 28 37 42 26 21 10 5 53 58
0 15 63 48 39 40 24 23 22 25 41 38 49 62 14 1 16 31 47 32 55 56 8 7 6 9 57 54 33 46 30 17 19 28 44 35 52 59 11 4 5 10 58 53 34 45 29 18 3 12 60 51 36 43 27 20 21 26 42 37 50 61 13 2
0 15 61 50 47 32 18 29 6 9 59 52 41 38 20 27 53 58 8 7 26 21 39 40 51 60 14 1 28 19 33 46 57 54 4 11 22 25 43 36 63 48 2 13 16 31 45 34 12 3 49 62 35 44 30 17 10 5 55 56 37 42 24 23
0 15 61 50 8 7 53 58 52 59 9 6 60 51 1 14 18 29 47 32 26 21 39 40 38 41 27 20 46 33 19 28 30 17 35 44 22 25 43 36 42 37 23 24 34 45 31 16 12 3 49 62 4 11 57 54 56 55 5 10 48 63 13 2
0 15 55 56 47 32 24 23 6 9 49 62 41 38 30 17 16 31 39 40 63 48 8 7 22 25 33 46 57 54 14 1 28 19 43 36 51 60 4 11 26 21 45 34 53 58 2 13 12 3 59 52 35 44 20 27 10 5 61 50 37 42 18 29
0 15 55 56 39 40 16 31 62 49 9 6 25 22 46 33 24 23 47 32 63 48 8 7 38 41 17 30 1 14 54 57 20 27 35 44 51 60 4 11 42 37 29 18 13 2 58 53 12 3 59 52 43 36 28 19 50 61 5 10 21 26 34 45
0 15 42 37 39 40 13 2 22 25 60 51 49 62 27 20 34 45 8 7 5 10 47 32 52 59 30 17 19 28 57 54 33 46 11 4 6 9 44 35 55 56 29 18 16 31 58 53 3 12 41 38 36 43 14 1 21 26 63 48 50 61 24 23
0 15 42 37 8 7 34 45 51 60 25 22 59 52 17 30 13 2 39 40 5 10 47 32 62 49 20 27 54 57 28 19 14 1 36 43 6 9 44 35 61 50 23 24 53 58 31 16 3 12 41 38 11 4 33 46 48 63 26 21 56 55 18 29
0 15 26 21 47 32 53 58 38 41 60 51 9 6 19 28 18 29 8 7 61 50 39 40 52 59 46 33 27 20 1 14 17 30 11 4 62 49 36 43 55 56 45 34 24 23 2 13 3 12 25 22 44 35 54 57 37 42 63 48 10 5 16 31
0 15 26 21 8 7 18 29 51 60 41 38 59 52 33 46 53 58 47 32 61 50 39 40 6 9 28 19 14 1 20 27 54 57 44 35 62 49 36 43 5 10 31 16 13 2 23 24 3 12 25 22 11 4 17 30 48 63 42 37 56 55 34 45
0 15 5 10 39 40 34 45 62 49 59 52 25 22 28 19 13 2 8 7 42 37 47 32 51 60 54 57 20 27 17 30 1 14 4 11 38 41 35 44 63 48 58 53 24 23 29 18 12 3 9 6 43 36 46 33 50 61 55 56 21 26 16 31
0 15 5 10 8 7 13 2 52 59 49 62 60 51 57 54 34 45 39 40 42 37 47 32 22 25 19 28 30 17 27 20 46 33 43 36 38 41 35 44 26 21 31 16 18 29 23 24 12 3 9 6 4 11 1 14 56 55 61 50 48 63 53 58
0 14 63 49 52 58 11 5 4 10 59 53 48 62 15 1 47 33 16 30 27 21 36 42 43 37 20 26 31 17 32 46 19 29 44 34 39 41 24 22 23 25 40 38 35 45 28 18 60 50 3 13 8 6 55 57 56 54 7 9 12 2 51 61
0 14 63 49 16 30 47 33 53 59 10 4 37 43 26 20 11 5 52 58 27 21 36 42 62 48 1 15 46 32 17 31 55 57 8 6 39 41 24 22 2 12 61 51 18 28 45 35 60 50 3 13 44 34 19 29 9 7 54 56 25 23 38 40
0 14 54 56 36 42 18 28 13 3 59 53 41 39 31 17 38 40 16 30 2 12 52 58 43 37 29 19 15 1 57 55 26 20 44 34 62 48 8 6 23 25 33 47 51 61 5 11 60 50 10 4 24 22 46 32 49 63 7 9 21 27 35 45
0 14 54 56 16 30 38 40 53 59 3 13 37 43 19 29 18 28 36 42 2 12 52 58 39 41 17 31 55 57 1 15 46 32 24 22 62 48 8 6 27 21 45 35 11 5 61 51 60 50 10 4 44 34 26 20 9 7 63 49 25 23 47 33
0 14 27 21 52 58 47 33 62 48 37 43 10 4 17 31 11 5 16 30 63 49 36 42 53 59 46 32 1 15 26 20 57 55 34 44 13 3 22 24 7 9 28 18 51 61 40 38 50 60 41 39 6 8 29 19 12 2 23 25 56 54 35 45
0 14 27 21 16 30 11 5 43 37 48 62 59 53 32 46 47 33 52 58 63 49 36 42 4 10 31 17 20 26 15 1 29 19 6 8 13 3 22 24 54 56 45 35 38 40 61 51 50 60 41 39 34 44 57 55 25 23 2 12 9 7 18 28
0 14 23 25 52 58 35 45 62 48 41 39 10 4 29 19 51 61 36 42 7 9 16 30 13 3 26 20 57 55 46 32 1 15 22 24 53 59 34 44 63 49 40 38 11 5 28 18 50 60 37 43 6 8 17 31 12 2 27 21 56 54 47 33
0 14 23 25 36 42 51 61 39 41 48 62 3 13 20 26 35 45 52 58 7 9 16 30 4 10 19 29 32 46 55 57 17 31 6 8 53 59 34 44 54 56 33 47 18 28 5 11 50 60 37 43 22 24 1 15 21 27 2 12 49 63 38 40
0 14 7 9 52 58 51 61 4 10 3 13 48 62 55 57 35 45 36 42 23 25 16 30 39 41 32 46 19 29 20 26 31 17 24 22 43 37 44 34 27 21 28 18 47 33 40 38 60 50 59 53 8 6 15 1 56 54 63 49 12 2 11 5
0 14 7 9 36 42 35 45 13 3 10 4 41 39 46 32 51 61 52 58 23 25 16 30 62 48 57 55 26 20 29 19 15 1 8 6 43 37 44 34 2 12 5 11 38 40 33 47 60 50 59 53 24 22 31 17 49 63 54 56 21 27 18 28
0 14 2 12 36 42 38 40 39 41 37 43 3 13 1 15 18 28 16 30 54 56 52 58 53 59 55 57 17 31 19 29 32 46 34 44 4 10 6 8 7 9 5 11 35 45 33 47 50 60 48 62 22 24 20 26 21 27 23 25 49 63 51 61
0 14 2 12 16 30 18 28 43 37 41 39 59 53 57 55 38 40 36 42 54 56 52 58 13 3 15 1 29 19 31 17 20 26 22 24 4 10 6 8 63 49 61 51 47 33 45 35 50 60 48 62 34 44 32 46 25 23 27 21 9 7 11 5
0 7 63 56 24 31 39 32 13 10 50 53 21 18 42 45 47 40 16 23 55 48 8 15 34 37 29 26 58 61 5 2 19 20 44 43 11 12 52 51 30 25 33 38 6 1 57 62 60 59 3 4 36 35 27 28 49 54 14 9 41 46 22 17
0 7 63 56 16 23 47 40 53 50 10 13 37 34 26 29 39 32 24 31 55 48 8 15 18 21 45 42 2 5 61 58 27 28 36 35 11 12 52 51 46 41 17 22 62 57 1 6 60 59 3 4 44 43 19 20 9 14 54 49 25 30 38 33
0 7 55 48 24 31 47 40 18 21 37 34 10 13 61 58 39 32 16 23 63 56 8 15 53 50 2 5 45 42 26 29 28 27 43 44 4 3 51 52 14 9 57 62 22 17 33 38 59 60 12 11 35 36 20 19 41 46 30 25 49 54 6 1
0 7 55 48 16 23 39 32 34 37 21 18 50 53 5 2 47 40 24 31 63 56 8 15 13 10 58 61 29 26 42 45 20 19 35 36 4 3 51 52 54 49 1 6 38 33 17 22 59 60 12 11 43 44 28 27 25 30 46 41 9 14 62 57
0 7 54 49 16 23 38 33 53 50 3 4 37 34 19 20 62 57 8 15 46 41 24 31 11 12 61 58 27 28 45 42 2 5 52 51 18 21 36 35 55 48 1 6 39 32 17 22 60 59 10 13 44 43 26 29 9 14 63 56 25 30 47 40
0 7 54 49 8 15 62 57 4 3 50 53 12 11 58 61 38 33 16 23 46 41 24 31 34 37 20 19 42 45 28 27 26 29 44 43 18 21 36 35 30 25 40 47 22 17 32 39 60 59 10 13 52 51 2 5 56 63 14 9 48 55 6 1
0 7 46 41 16 23 62 57 34 37 12 11 50 53 28 27 38 33 8 15 54 49 24 31 4 3 42 45 20 19 58 61 29 26 51 52 13 10 35 36 63 56 17 22 47 40 1 6 59 60 21 18 43 44 5 2 25 30 55 48 9 14 39 32
0 7 46 41 8 15 38 33 11 12 37 34 3 4 45 42 62 57 16 23 54 49 24 31 53 50 27 28 61 58 19 20 5 2 43 44 13 10 35 36 14 9 32 39 6 1 40 47 59 60 21 18 51 52 29 26 48 55 30 25 56 63 22 17
0 7 30 25 24 31 6 1 18 21 12 11 10 13 20 19 22 17 8 15 14 9 16 23 4 3 26 29 28 27 2 5 45 42 51 52 53 50 43 44 63 56 33 38 39 32 57 62 59 60 37 34 35 36 61 58 41 46 55 48 49 54 47 40
0 7 30 25 8 15 22 17 11 12 21 18 3 4 29 26 6 1 24 31 14 9 16 23 13 10 19 20 5 2 27 28 61 58 35 36 53 50 43 44 54 49 40 47 62 57 32 39 59 60 37 34 51 52 45 42 48 55 46 41 56 63 38 33
0 7 14 9 24 31 22 17 13 10 3 4 21 18 27 28 6 1 8 15 30 25 16 23 11 12 5 2 19 20 29 26 58 61 52 51 34 37 44 43 55 48 57 62 47 40 33 38 60 59 50 53 36 35 42 45 49 54 63 56 41 46 39 32
0 7 14 9 8 15 6 1 4 3 10 13 12 11 2 5 22 17 24 31 30 25 16 23 18 21 28 27 26 29 20 19 42 45 36 35 34 37 44 43 46 41 32 39 38 33 40 47 60 59 50 53 52 51 58 61 56 63 54 49 48 55 62 57
0 5 61 56 47 42 18 23 6 3 59 62 41 44 20 17 22 19 43 46 57 60 4 1 16 21 45 40 63 58 2 7 26 31 39 34 53 48 8 13 28 25 33 36 51 54 14 11 12 9 49 52 35 38 30 27 10 15 55 50 37 32 24 29
0 5 61 56 43 46 22 19 62 59 3 6 21 16 40 45 18 23 47 42 57 60 4 1 44 41 17 20 7 2 58 63 30 27 35 38 53 48 8 13 32 37 29 24 11 14 54 51 12 9 49 52 39 34 26 31 50 55 15 10 25 28 36 33
0 5 57 60 47 42 22 19 44 41 21 16 3 6 58 63 18 23 43 46 61 56 4 1 62 59 7 2 17 20 40 45 27 30 34 39 52 49 13 8 55 50 14 11 24 29 33 36 9 12 48 53 38 35 31 26 37 32 28 25 10 15 51 54
0 5 57 60 43 46 18 23 16 21 41 44 59 62 2 7 22 19 47 42 61 56 4 1 6 3 63 58 45 40 20 17 31 26 38 35 52 49 13 8 15 10 54 51 36 33 29 24 9 12 48 53 34 39 27 30 25 28 32 37 50 55 11 14
0 5 55 50 47 42 24 29 6 3 49 52 41 44 30 27 51 54 4 1 28 25 43 46 53 48 2 7 26 31 45 40 63 58 8 13 16 21 39 34 57 60 14 11 22 19 33 36 12 9 59 62 35 38 20 17 10 15 61 56 37 32 18 23
0 5 55 50 4 1 51 54 52 49 3 6 48 53 7 2 24 29 47 42 28 25 43 46 44 41 27 30 40 45 31 26 20 17 35 38 16 21 39 34 32 37 23 18 36 33 19 22 12 9 59 62 8 13 63 58 56 61 15 10 60 57 11 14
0 5 32 37 43 46 11 14 16 21 48 53 59 62 27 30 36 33 4 1 15 10 47 42 52 49 20 17 31 26 63 58 45 40 13 8 6 3 38 35 61 56 29 24 22 19 54 51 9 12 41 44 34 39 2 7 25 28 57 60 50 55 18 23
0 5 32 37 4 1 36 33 53 48 21 16 49 52 17 20 11 14 43 46 15 10 47 42 62 59 30 27 58 63 26 31 2 7 34 39 6 3 38 35 55 50 23 18 51 54 19 22 9 12 41 44 13 8 45 40 60 57 28 25 56 61 24 29
0 5 28 25 47 42 51 54 44 41 48 53 3 6 31 26 24 29 4 1 55 50 43 46 52 49 40 45 27 30 7 2 17 20 13 8 62 59 34 39 61 56 33 36 18 23 14 11 9 12 21 16 38 35 58 63 37 32 57 60 10 15 22 19
0 5 28 25 4 1 24 29 53 48 41 44 49 52 45 40 51 54 47 42 55 50 43 46 6 3 26 31 2 7 30 27 58 63 38 35 62 59 34 39 15 10 19 22 11 14 23 18 9 12 21 16 13 8 17 20 60 57 32 37 56 61 36 33
0 5 15 10 43 46 36 33 62 59 49 52 21 16 26 31 11 14 4 1 32 37 47 42 53 48 58 63 30 27 17 20 7 2 8 13 44 41 35 38 57 60 54 51 18 23 29 24 12 9 3 6 39 34 40 45 50 55 61 56 25 28 22 19
0 5 15 10 4 1 11 14 52 49 59 62 48 53 63 58 36 33 43 46 32 37 47 42 16 21 31 26 20 17 27 30 40 45 39 34 44 41 35 38 28 25 19 22 24 29 23 18 12 9 3 6 8 13 7 2 56 61 55 50 60 57 51 54
0 2 58 56 34 32 24 26 11 9 49 51 41 43 19 17 44 46 22 20 14 12 52 54 39 37 29 31 5 7 63 61 28 30 38 36 62 60 4 6 23 21 45 47 53 55 15 13 48 50 10 8 18 16 40 42 59 57 1 3 25 27 35 33
0 2 58 56 22 20 44 46 51 49 9 11 37 39 31 29 24 26 34 32 14 12 52 54 43 41 17 19 61 63 7 5 40 42 18 16 62 60 4 6 27 25 33 35 13 15 55 53 48 50 10 8 38 36 28 30 3 1 57 59 21 23 47 45
0 2 57 59 52 54 13 15 8 10 49 51 60 62 5 7 47 45 22 20 27 25 34 32 39 37 30 28 19 17 42 40 31 29 38 36 43 41 18 16 23 21 46 44 35 33 26 24 48 50 9 11 4 6 61 63 56 58 1 3 12 14 53 55
0 2 57 59 22 20 47 45 51 49 10 8 37 39 28 30 13 15 52 54 27 25 34 32 62 60 7 5 40 42 17 19 61 63 4 6 43 41 18 16 14 12 55 53 24 26 33 35 48 50 9 11 38 36 31 29 3 1 58 56 21 23 44 46
0 2 27 25 52 54 47 45 62 60 37 39 10 8 17 19 13 15 22 20 57 59 34 32 51 49 40 42 7 5 28 30 63 61 36 38 11 9 16 18 1 3 26 24 53 55 46 44 50 48 41 43 6 4 29 31 12 14 23 21 56 58 35 33
0 2 27 25 22 20 13 15 39 37 60 62 49 51 42 40 47 45 52 54 57 59 34 32 8 10 19 17 30 28 5 7 29 31 6 4 11 9 16 18 58 56 33 35 44 46 55 53 50 48 41 43 36 38 63 61 21 23 14 12 3 1 24 26
0 2 23 21 52 54 35 33 62 60 41 43 10 8 29 31 53 55 34 32 1 3 22 20 11 9 28 30 63 61 40 42 7 5 16 18 51 49 36 38 57 59 46 44 13 15 26 24 50 48 37 39 6 4 17 19 12 14 27 25 56 58 47 45
0 2 23 21 34 32 53 55 43 41 60 62 9 11 30 28 35 33 52 54 1 3 22 20 8 10 31 29 42 40 61 63 17 19 6 4 51 49 36 38 58 56 45 47 24 26 15 13 50 48 37 39 16 18 7 5 25 27 14 12 59 57 44 46
0 2 14 12 34 32 44 46 43 41 37 39 9 11 7 5 24 26 22 20 58 56 52 54 51 49 61 63 17 19 31 29 42 40 36 38 8 10 6 4 1 3 15 13 35 33 45 47 50 48 60 62 16 18 30 28 25 27 23 21 59 57 53 55
0 2 14 12 22 20 24 26 39 37 41 43 49 51 63 61 44 46 34 32 58 56 52 54 11 9 5 7 29 31 19 17 30 28 16 18 8 10 6 4 57 59 55 53 47 45 33 35 50 48 60 62 36 38 42 40 21 23 27 25 3 1 13 15
0 2 1 3 52 54 53 55 8 10 9 11 60 62 61 63 35 33 34 32 23 21 22 20 43 41 42 40 31 29 30 28 19 17 18 16 39 37 38 36 27 25 26 24 47 45 46 44 48 50 49 51 4 6 5 7 56 58 57 59 12 14 13 15
0 2 1 3 34 32 35 33 11 9 10 8 41 43 40 42 53 55 52 54 23 21 22 20 62 60 63 61 28 30 29 31 5 7 4 6 39 37 38 36 14 12 15 13 44 46 45 47 48 50 49 51 18 16 19 17 59 57 58 56 25 27 24 26
0 1 61 60 22 23 43 42 36 37 25 24 50 51 15 14 47 46 18 19 57 56 4 5 11 10 54 55 29 28 32 33 30 31 35 34 8 9 53 52 58 59 7 6 44 45 17 16 49 48 12 13 39 38 26 27 21 20 40 41 3 2 62 63
0 1 61 60 18 19 47 46 24 25 37 36 10 11 55 54 43 42 22 23 57 56 4 5 51 50 14 15 33 32 28 29 26 27 39 38 8 9 53 52 2 3 63 62 16 17 45 44 49 48 12 13 35 34 30 31 41 40 20 21 59 58 6 7
0 1 58 59 22 23 44 45 51 50 9 8 37 36 31 30 62 63 4 5 40 41 18 19 13 12 55 54 27 26 33 32 14 15 52 53 24 25 34 35 61 60 7 6 43 42 17 16 48 49 10 11 38 39 28 29 3 2 57 56 21 20 47 46
0 1 58 59 4 5 62 63 8 9 50 51 12 13 54 55 44 45 22 23 40 41 18 19 36 37 30 31 32 33 26 27 28 29 38 39 24 25 34 35 20 21 46 47 16 17 42 43 48 49 10 11 52 53 14 15 56 57 2 3 60 61 6 7
0 1 57 56 22 23 47 46 51 50 10 11 37 36 28 29 43 42 18 19 61 60 4 5 24 25 33 32 14 15 55 54 27 26 34 35 13 12 52 53 40 41 17 16 62 63 7 6 48 49 9 8 38 39 31 30 3 2 58 59 21 20 44 45
0 1 57 56 18 19 43 42 11 10 50 51 25 24 32 33 47 46 22 23 61 60 4 5 36 37 29 28 54 55 15 14 31 30 38 39 13 12 52 53 20 21 45 44 6 7 63 62 48 49 9 8 34 35 27 26 59 58 2 3 41 40 16 17
0 1 40 41 22 23 62 63 36 37 12 13 50 51 26 27 44 45 4 5 58 59 18 19 8 9 32 33 30 31 54 55 29 28 53 52 11 10 35 34 57 56 17 16 47 46 7 6 49 48 25 24 39 38 15 14 21 20 61 60 3 2 43 42
0 1 40 41 4 5 44 45 13 12 37 36 9 8 33 32 62 63 22 23 58 59 18 19 51 50 27 26 55 54 31 30 15 14 39 38 11 10 35 34 2 3 42 43 6 7 46 47 49 48 25 24 53 52 29 28 60 61 20 21 56 57 16 17
0 1 20 21 18 19 6 7 24 25 12 13 10 11 30 31 16 17 4 5 2 3 22 23 8 9 28 29 26 27 14 15 33 32 53 52 51 50 39 38 57 56 45 44 43 42 63 62 49 48 37 36 35 34 55 54 41 40 61 60 59 58 47 46
0 1 20 21 4 5 16 17 13 12 25 24 9 8 29 28 6 7 18 19 2 3 22 23 11 10 31 30 15 14 27 26 55 54 35 34 51 50 39 38 58 59 46 47 62 63 42 43 49 48 37 36 53 52 33 32 60 61 40 41 56 57 44 45
0 1 2 3 18 19 16 17 11 10 9 8 25 24 27 26 6 7 4 5 20 21 22 23 13 12 15 14 31 30 29 28 54 55 52 53 36 37 38 39 61 60 63 62 47 46 45 44 48 49 50 51 34 35 32 33 59 58 57 56 41 40 43 42
