336
0 1 2 3 4 5 6 7 8 9 10 11 12 13 14 15 16 17 18 19 20 21 22 23 24 25 26 27 28 29 30 31 32 33 34 35 36 37 38 39 40 41 42 43 44 45 46 47 48 49 50 51 52 53 54 55 56 57 58 59 60 61 62 63
0 63 60 3 57 6 5 58 35 28 31 32 26 37 38 25 53 10 9 54 12 51 48 15 22 41 42 21 47 16 19 44 23 40 43 20 46 17 18 45 52 11 8 55 13 50 49 14 34 29 30 33 27 36 39 24 1 62 61 2 56 7 4 59
0 63 60 3 57 6 5 58 25 38 37 26 32 31 28 35 46 17 18 45 23 40 43 20 55 8 11 52 14 49 50 13 12 51 48 15 53 10 9 54 21 42 41 22 44 19 16 47 34 29 30 33 27 36 39 24 59 4 7 56 2 61 62 1
0 63 59 4 14 49 53 10 28 35 39 24 18 45 41 22 5 58 62 1 11 52 48 15 25 38 34 29 23 40 44 19 47 16 20 43 33 30 26 37 51 12 8 55 61 2 6 57 42 21 17 46 36 27 31 32 54 9 13 50 56 7 3 60
0 63 59 4 14 49 53 10 22 41 45 18 24 39 35 28 33 30 26 37 47 16 20 43 55 8 12 51 57 6 2 61 11 52 48 15 5 58 62 1 29 34 38 25 19 44 40 23 42 21 17 46 36 27 31 32 60 3 7 56 50 13 9 54
0 63 54 9 23 40 33 30 55 8 1 62 32 31 22 41 46 17 24 39 57 6 15 48 25 38 47 16 14 49 56 7 34 29 20 43 53 10 3 60 21 42 35 28 2 61 52 11 12 51 58 5 27 36 45 18 59 4 13 50 44 19 26 37
0 63 54 9 23 40 33 30 41 22 31 32 62 1 8 55 53 10 3 60 34 29 20 43 28 35 42 21 11 52 61 2 57 6 15 48 46 17 24 39 16 47 38 25 7 56 49 14 12 51 58 5 27 36 45 18 37 26 19 44 50 13 4 59
0 63 45 18 12 51 33 30 22 41 59 4 26 37 55 8 53 10 24 39 57 6 20 43 35 28 14 49 47 16 2 61 34 29 15 48 46 17 3 60 52 11 25 38 56 7 21 42 23 40 58 5 27 36 54 9 1 62 44 19 13 50 32 31
0 63 45 18 12 51 33 30 8 55 37 26 4 59 41 22 46 17 3 60 34 29 15 48 38 25 11 52 42 21 7 56 57 6 20 43 53 10 24 39 49 14 28 35 61 2 16 47 23 40 58 5 27 36 54 9 31 32 50 13 19 44 62 1
0 63 39 24 34 29 5 58 38 25 1 62 4 59 35 28 46 17 9 54 12 51 43 20 8 55 47 16 42 21 13 50 23 40 48 15 53 10 18 45 49 14 22 41 19 44 52 11 57 6 30 33 27 36 60 3 31 32 56 7 61 2 26 37
0 63 39 24 34 29 5 58 28 35 59 4 62 1 25 38 53 10 18 45 23 40 48 15 41 22 14 49 11 52 44 19 12 51 43 20 46 17 9 54 16 47 55 8 50 13 21 42 57 6 30 33 27 36 60 3 37 26 2 61 7 56 32 31
0 63 37 26 11 52 46 17 25 38 60 3 18 45 55 8 5 58 32 31 14 49 43 20 28 35 57 6 23 40 50 13 42 21 15 48 33 30 4 59 51 12 22 41 56 7 29 34 47 16 10 53 36 27 1 62 54 9 19 44 61 2 24 39
0 63 37 26 11 52 46 17 8 55 45 18 3 60 38 25 33 30 4 59 42 21 15 48 41 22 12 51 34 29 7 56 14 49 43 20 5 58 32 31 6 57 35 28 13 50 40 23 47 16 10 53 36 27 1 62 39 24 2 61 44 19 9 54
0 63 31 32 42 21 53 10 41 22 54 9 3 60 28 35 33 30 62 1 11 52 20 43 8 55 23 40 34 29 61 2 47 16 48 15 5 58 26 37 6 57 25 38 44 19 51 12 14 49 17 46 36 27 59 4 39 24 56 7 13 50 18 45
0 63 31 32 42 21 53 10 35 28 60 3 9 54 22 41 5 58 26 37 47 16 48 15 38 25 57 6 12 51 19 44 11 52 20 43 33 30 62 1 40 23 55 8 2 61 29 34 14 49 17 46 36 27 59 4 45 18 50 13 7 56 24 39
0 63 1 62 47 16 46 17 55 8 54 9 24 39 25 38 33 30 32 31 14 49 15 48 22 41 23 40 57 6 56 7 42 21 43 20 5 58 4 59 29 34 28 35 50 13 51 12 11 52 10 53 36 27 37 26 60 3 61 2 19 44 18 45
0 63 1 62 47 16 46 17 38 25 39 24 9 54 8 55 5 58 4 59 42 21 43 20 35 28 34 29 12 51 13 50 14 49 15 48 33 30 32 31 40 23 41 22 7 56 6 57 11 52 10 53 36 27 37 26 45 18 44 19 2 61 3 60
0 61 54 11 38 27 16 45 41 20 31 34 15 50 57 4 6 59 48 13 32 29 22 43 47 18 25 36 9 52 63 2 8 53 62 3 46 19 24 37 33 28 23 42 7 58 49 12 14 51 56 5 40 21 30 35 39 26 17 44 1 60 55 10
0 61 54 11 38 27 16 45 4 57 50 15 34 31 20 41 46 19 24 37 8 53 62 3 42 23 28 33 12 49 58 7 32 29 22 43 6 59 48 13 36 25 18 47 2 63 52 9 14 51 56 5 40 21 30 35 10 55 60 1 44 17 26 39
0 61 50 15 28 33 46 19 23 42 37 24 11 54 57 4 5 56 55 10 25 36 43 22 18 47 32 29 14 51 60 1 12 49 62 3 16 45 34 31 27 38 41 20 7 58 53 8 9 52 59 6 21 40 39 26 30 35 44 17 2 63 48 13
0 61 50 15 28 33 46 19 4 57 54 11 24 37 42 23 16 45 34 31 12 49 62 3 20 41 38 27 8 53 58 7 25 36 43 22 5 56 55 10 29 32 47 18 1 60 51 14 9 52 59 6 21 40 39 26 13 48 63 2 17 44 35 30
0 61 39 26 9 52 46 19 57 4 30 35 48 13 23 42 16 45 55 10 25 36 62 3 41 20 14 51 32 29 7 58 12 49 43 22 5 56 34 31 53 8 18 47 60 1 27 38 28 33 59 6 21 40 50 15 37 24 2 63 44 17 11 54
0 61 39 26 9 52 46 19 42 23 13 48 35 30 4 57 5 56 34 31 12 49 43 22 47 18 8 53 38 27 1 60 25 36 62 3 16 45 55 10 51 14 20 41 58 7 29 32 28 33 59 6 21 40 50 15 54 11 17 44 63 2 24 37
0 61 37 24 32 29 5 56 47 18 10 55 15 50 42 23 6 59 35 30 38 27 3 62 41 20 12 49 9 52 44 17 14 51 43 22 46 19 11 54 33 28 4 57 1 60 36 25 8 53 45 16 40 21 13 48 39 26 2 63 7 58 34 31
0 61 37 24 32 29 5 56 23 42 50 15 55 10 18 47 46 19 11 54 14 51 43 22 57 4 28 33 25 36 60 1 38 27 3 62 6 59 35 30 49 12 20 41 17 44 52 9 8 53 45 16 40 21 13 48 31 34 58 7 63 2 26 39
0 61 31 34 25 36 6 59 41 20 54 11 48 13 47 18 16 45 15 50 9 52 22 43 57 4 38 27 32 29 63 2 28 33 3 62 5 56 26 39 53 8 42 23 44 17 51 14 12 49 19 46 21 40 10 55 37 24 58 7 60 1 35 30
0 61 31 34 25 36 6 59 18 47 13 48 11 54 20 41 5 56 26 39 28 33 3 62 23 42 8 53 14 51 17 44 9 52 22 43 16 45 15 50 27 38 4 57 2 63 29 32 12 49 19 46 21 40 10 55 30 35 1 60 7 58 24 37
0 61 30 35 14 51 16 45 57 4 39 26 55 10 41 20 46 19 48 13 32 29 62 3 23 42 9 52 25 36 7 58 8 53 22 43 6 59 24 37 49 12 47 18 63 2 33 28 38 27 56 5 40 21 54 11 31 34 1 60 17 44 15 50
0 61 30 35 14 51 16 45 20 41 10 55 26 39 4 57 6 59 24 37 8 53 22 43 18 47 12 49 28 33 2 63 32 29 62 3 46 19 48 13 52 9 42 23 58 7 36 25 38 27 56 5 40 21 54 11 50 15 44 17 60 1 34 31
0 61 13 48 8 53 5 56 42 23 39 26 34 31 47 18 46 19 35 30 38 27 43 22 4 57 9 52 12 49 1 60 14 51 3 62 6 59 11 54 36 25 41 20 44 17 33 28 32 29 45 16 40 21 37 24 10 55 7 58 2 63 15 50
0 61 13 48 8 53 5 56 18 47 31 34 26 39 23 42 6 59 11 54 14 51 3 62 20 41 25 36 28 33 17 44 38 27 43 22 46 19 35 30 52 9 57 4 60 1 49 12 32 29 45 16 40 21 37 24 50 15 63 2 58 7 55 10
0 61 10 55 12 49 6 59 47 18 37 24 35 30 41 20 5 56 15 50 9 52 3 62 42 23 32 29 38 27 44 17 28 33 22 43 16 45 26 39 51 14 57 4 63 2 53 8 25 36 19 46 21 40 31 34 54 11 60 1 58 7 48 13
0 61 10 55 12 49 6 59 20 41 30 35 24 37 18 47 16 45 26 39 28 33 22 43 4 57 14 51 8 53 2 63 9 52 3 62 5 56 15 50 29 32 23 42 17 44 27 38 25 36 19 46 21 40 31 34 13 48 7 58 1 60 11 54
0 60 63 3 57 5 6 58 32 28 31 35 25 37 38 26 16 44 47 19 41 21 22 42 48 12 15 51 9 53 54 10 8 52 55 11 49 13 14 50 40 20 23 43 17 45 46 18 24 36 39 27 33 29 30 34 56 4 7 59 1 61 62 2
0 60 63 3 57 5 6 58 26 38 37 25 35 31 28 32 49 13 14 50 8 52 55 11 43 23 20 40 18 46 45 17 41 21 22 42 16 44 47 19 51 15 12 48 10 54 53 9 24 36 39 27 33 29 30 34 2 62 61 1 59 7 4 56
0 60 56 4 9 53 49 13 43 23 19 47 34 30 26 38 27 39 35 31 18 46 42 22 48 12 8 52 57 5 1 61 15 51 55 11 6 58 62 2 36 24 28 32 45 17 21 41 20 40 44 16 29 33 37 25 63 3 7 59 54 10 14 50
0 60 56 4 9 53 49 13 38 26 30 34 47 19 23 43 6 58 62 2 15 51 55 11 32 28 24 36 41 21 17 45 18 46 42 22 27 39 35 31 52 8 12 48 61 1 5 57 20 40 44 16 29 33 37 25 50 14 10 54 59 7 3 63
0 60 50 14 41 21 27 39 48 12 2 62 25 37 43 23 16 44 34 30 57 5 11 55 32 28 18 46 9 53 59 7 24 36 42 22 49 13 3 63 40 20 26 38 1 61 51 15 8 52 58 6 33 29 19 47 56 4 10 54 17 45 35 31
0 60 50 14 41 21 27 39 23 43 37 25 62 2 12 48 49 13 3 63 24 36 42 22 38 26 20 40 15 51 61 1 57 5 11 55 16 44 34 30 46 18 28 32 7 59 53 9 8 52 58 6 33 29 19 47 31 35 45 17 54 10 4 56
0 60 37 25 20 40 49 13 26 38 63 3 14 50 43 23 6 58 35 31 18 46 55 11 28 32 57 5 8 52 45 17 15 51 42 22 27 39 62 2 21 41 48 12 1 61 36 24 9 53 44 16 29 33 56 4 19 47 54 10 7 59 34 30
0 60 37 25 20 40 49 13 23 43 50 14 3 63 38 26 27 39 62 2 15 51 42 22 12 48 41 21 24 36 61 1 18 46 55 11 6 58 35 31 5 57 32 28 17 45 52 8 9 53 44 16 29 33 56 4 30 34 59 7 10 54 47 19
0 60 31 35 15 51 16 44 32 28 63 3 47 19 48 12 6 58 25 37 9 53 22 42 38 26 57 5 41 21 54 10 20 40 11 55 27 39 4 56 52 8 43 23 59 7 36 24 18 46 13 49 29 33 2 62 50 14 45 17 61 1 34 30
0 60 31 35 15 51 16 44 12 48 19 47 3 63 28 32 27 39 4 56 20 40 11 55 23 43 8 52 24 36 7 59 9 53 22 42 6 58 25 37 5 57 26 38 10 54 21 41 18 46 13 49 29 33 2 62 30 34 1 61 17 45 14 50
0 60 30 34 24 36 6 58 38 26 56 4 62 2 32 28 49 13 47 19 41 21 55 11 23 43 9 53 15 51 17 45 8 52 22 42 16 44 14 50 46 18 48 12 54 10 40 20 57 5 39 27 33 29 63 3 31 35 1 61 7 59 25 37
0 60 30 34 24 36 6 58 28 32 2 62 4 56 26 38 16 44 14 50 8 52 22 42 12 48 18 46 20 40 10 54 41 21 55 11 49 13 47 19 53 9 43 23 45 17 51 15 57 5 39 27 33 29 63 3 37 25 59 7 61 1 35 31
0 60 19 47 8 52 27 39 43 23 56 4 35 31 48 12 49 13 34 30 57 5 42 22 26 38 9 53 18 46 1 61 24 36 11 55 16 44 3 63 51 15 32 28 59 7 40 20 41 21 58 6 33 29 50 14 2 62 17 45 10 54 25 37
0 60 19 47 8 52 27 39 12 48 31 35 4 56 23 43 16 44 3 63 24 36 11 55 28 32 15 51 20 40 7 59 57 5 42 22 49 13 34 30 53 9 38 26 61 1 46 18 41 21 58 6 33 29 50 14 37 25 54 10 45 17 62 2
0 60 2 62 18 46 16 44 48 12 50 14 34 30 32 28 27 39 25 37 9 53 11 55 43 23 41 21 57 5 59 7 20 40 22 42 6 58 4 56 36 24 38 26 54 10 52 8 15 51 13 49 29 33 31 35 63 3 61 1 45 17 47 19
0 60 2 62 18 46 16 44 28 32 30 34 14 50 12 48 6 58 4 56 20 40 22 42 26 38 24 36 8 52 10 54 9 53 11 55 27 39 25 37 21 41 23 43 7 59 5 57 15 51 13 49 29 33 31 35 19 47 17 45 1 61 3 63
0 59 63 4 14 53 49 10 24 35 39 28 22 45 41 18 40 19 23 44 38 29 25 34 48 11 15 52 62 5 1 58 8 51 55 12 6 61 57 2 16 43 47 20 30 37 33 26 32 27 31 36 46 21 17 42 56 3 7 60 54 13 9 50
0 59 63 4 14 53 49 10 18 41 45 22 28 39 35 24 6 61 57 2 8 51 55 12 20 47 43 16 26 33 37 30 38 29 25 34 40 19 23 44 52 15 11 48 58 1 5 62 32 27 31 36 46 21 17 42 50 9 13 54 60 7 3 56
0 59 56 3 62 5 6 61 41 18 17 42 23 44 47 20 49 10 9 50 15 52 55 12 24 35 32 27 38 29 30 37 26 33 34 25 36 31 28 39 51 8 11 48 13 54 53 14 43 16 19 40 21 46 45 22 2 57 58 1 60 7 4 63
0 59 56 3 62 5 6 61 20 47 44 23 42 17 18 41 36 31 28 39 26 33 34 25 48 11 8 51 14 53 54 13 15 52 55 12 49 10 9 50 27 32 35 24 37 30 29 38 43 16 19 40 21 46 45 22 63 4 7 60 1 58 57 2
0 59 50 9 26 33 40 19 48 11 2 57 42 17 24 35 36 31 22 45 62 5 12 55 20 47 38 29 14 53 60 7 43 16 25 34 49 10 3 56 27 32 41 18 1 58 51 8 15 52 61 6 21 46 39 28 63 4 13 54 37 30 23 44
0 59 50 9 26 33 40 19 35 24 17 42 57 2 11 48 49 10 3 56 43 16 25 34 18 41 32 27 8 51 58 1 62 5 12 55 36 31 22 45 29 38 47 20 7 60 53 14 15 52 61 6 21 46 39 28 44 23 30 37 54 13 4 63
0 59 45 22 43 16 6 61 47 20 2 57 4 63 41 18 36 31 9 50 15 52 34 25 11 48 38 29 32 27 13 54 26 33 55 12 49 10 28 39 53 14 24 35 30 37 51 8 62 5 19 40 21 46 56 3 17 42 60 7 58 1 23 44
0 59 45 22 43 16 6 61 18 41 63 4 57 2 20 47 49 10 28 39 26 33 55 12 35 24 14 53 8 51 37 30 15 52 34 25 36 31 9 50 29 38 48 11 54 13 27 32 62 5 19 40 21 46 56 3 44 23 1 58 7 60 42 17
0 59 44 23 8 51 36 31 20 47 56 3 28 39 48 11 6 61 42 17 14 53 34 25 18 41 62 5 26 33 54 13 32 27 12 55 40 19 4 63 52 15 24 35 60 7 16 43 38 29 10 49 46 21 2 57 50 9 30 37 58 1 22 45
0 59 44 23 8 51 36 31 11 48 39 28 3 56 47 20 40 19 4 63 32 27 12 55 35 24 15 52 43 16 7 60 14 53 34 25 6 61 42 17 5 62 41 18 13 54 33 26 38 29 10 49 46 21 2 57 45 22 1 58 37 30 9 50
0 59 39 28 15 52 40 19 24 35 63 4 23 44 48 11 49 10 22 45 62 5 25 34 41 18 14 53 38 29 1 58 43 16 12 55 36 31 3 56 51 8 20 47 60 7 27 32 26 33 61 6 21 46 50 9 2 57 37 30 13 54 42 17
0 59 39 28 15 52 40 19 11 48 44 23 4 63 35 24 36 31 3 56 43 16 12 55 47 20 8 51 32 27 7 60 62 5 25 34 49 10 22 45 53 14 18 41 58 1 29 38 26 33 61 6 21 46 50 9 17 42 54 13 30 37 57 2
0 59 17 42 32 27 49 10 41 18 56 3 9 50 24 35 6 61 23 44 38 29 55 12 47 20 62 5 15 52 30 37 8 51 25 34 40 19 57 2 33 26 48 11 1 58 16 43 14 53 31 36 46 21 63 4 39 28 54 13 7 60 22 45
0 59 17 42 32 27 49 10 35 24 50 9 3 56 18 41 40 19 57 2 8 51 25 34 11 48 26 33 43 16 58 1 38 29 55 12 6 61 23 44 5 62 20 47 37 30 52 15 14 53 31 36 46 21 63 4 45 22 60 7 13 54 28 39
0 59 2 57 38 29 36 31 48 11 50 9 22 45 20 47 40 19 42 17 14 53 12 55 24 35 26 33 62 5 60 7 32 27 34 25 6 61 4 63 16 43 18 41 54 13 52 15 8 51 10 49 46 21 44 23 56 3 58 1 30 37 28 39
0 59 2 57 38 29 36 31 47 20 45 22 9 50 11 48 6 61 4 63 32 27 34 25 41 18 43 16 15 52 13 54 14 53 12 55 40 19 42 17 33 26 35 24 7 60 5 62 8 51 10 49 46 21 44 23 39 28 37 30 1 58 3 56
0 58 54 12 18 40 36 30 26 32 44 22 8 50 62 4 6 60 48 10 20 46 34 24 28 38 42 16 14 52 56 2 15 53 57 3 29 39 43 17 21 47 35 25 7 61 49 11 9 51 63 5 27 33 45 23 19 41 37 31 1 59 55 13
0 58 54 12 18 40 36 30 4 62 50 8 22 44 32 26 29 39 43 17 15 53 57 3 25 35 47 21 11 49 61 7 20 46 34 24 6 60 48 10 16 42 38 28 2 56 52 14 9 51 63 5 27 33 45 23 13 55 59 1 31 37 41 19
0 58 50 8 47 21 29 39 35 25 17 43 12 54 62 4 5 63 55 13 42 16 24 34 38 28 20 46 9 51 59 1 11 49 57 3 36 30 22 44 40 18 26 32 7 61 53 15 14 52 60 6 33 27 19 41 45 23 31 37 2 56 48 10
0 58 50 8 47 21 29 39 4 62 54 12 43 17 25 35 36 30 22 44 11 49 57 3 32 26 18 40 15 53 61 7 42 16 24 34 5 63 55 13 46 20 28 38 1 59 51 9 14 52 60 6 33 27 19 41 10 48 56 2 37 31 23 45
0 58 45 23 9 51 36 30 62 4 19 41 55 13 26 32 29 39 48 10 20 46 57 3 35 25 14 52 42 16 7 61 15 53 34 24 6 60 43 17 49 11 28 38 56 2 21 47 18 40 63 5 27 33 54 12 44 22 1 59 37 31 8 50
0 58 45 23 9 51 36 30 32 26 13 55 41 19 4 62 6 60 43 17 15 53 34 24 38 28 11 49 47 21 2 56 20 46 57 3 29 39 48 10 52 14 25 35 61 7 16 42 18 40 63 5 27 33 54 12 50 8 31 37 59 1 22 44
0 58 44 22 42 16 6 60 38 28 10 48 12 54 32 26 5 63 41 19 47 21 3 57 35 25 15 53 9 51 37 31 14 52 34 24 36 30 8 50 40 18 4 62 2 56 46 20 11 49 39 29 33 27 13 55 45 23 1 59 7 61 43 17
0 58 44 22 42 16 6 60 26 32 54 12 48 10 28 38 36 30 8 50 14 52 34 24 62 4 18 40 20 46 56 2 47 21 3 57 5 63 41 19 53 15 25 35 31 37 51 9 11 49 39 29 33 27 13 55 17 43 61 7 59 1 23 45
0 58 19 41 14 52 29 39 62 4 45 23 48 10 35 25 36 30 55 13 42 16 57 3 26 32 9 51 20 46 7 61 11 49 24 34 5 63 22 44 53 15 38 28 59 1 40 18 47 21 60 6 33 27 50 8 17 43 2 56 31 37 12 54
0 58 19 41 14 52 29 39 25 35 10 48 23 45 4 62 5 63 22 44 11 49 24 34 28 38 15 53 18 40 1 59 42 16 57 3 36 30 55 13 51 9 32 26 61 7 46 20 47 21 60 6 33 27 50 8 54 12 37 31 56 2 43 17
0 58 17 43 20 46 5 63 35 25 50 8 55 13 38 28 29 39 12 54 9 51 24 34 62 4 47 21 42 16 59 1 18 40 3 57 6 60 23 45 49 11 32 26 37 31 52 14 15 53 30 36 27 33 10 48 44 22 61 7 56 2 41 19
0 58 17 43 20 46 5 63 28 38 13 55 8 50 25 35 6 60 23 45 18 40 3 57 26 32 11 49 14 52 31 37 9 51 24 34 29 39 12 54 21 47 4 62 1 59 16 42 15 53 30 36 27 33 10 48 19 41 2 56 7 61 22 44
0 58 13 55 11 49 6 60 32 26 45 23 43 17 38 28 36 30 41 19 47 21 34 24 4 62 9 51 15 53 2 56 14 52 3 57 5 63 8 50 46 20 35 25 37 31 40 18 42 16 39 29 33 27 44 22 10 48 7 61 1 59 12 54
0 58 13 55 11 49 6 60 28 38 17 43 23 45 26 32 5 63 8 50 14 52 3 57 25 35 20 46 18 40 31 37 47 21 34 24 36 30 41 19 51 9 62 4 56 2 53 15 42 16 39 29 33 27 44 22 54 12 59 1 61 7 48 10
0 58 10 48 15 53 5 63 38 28 44 22 41 19 35 25 6 60 12 54 9 51 3 57 32 26 42 16 47 21 37 31 18 40 24 34 29 39 23 45 52 14 62 4 59 1 49 11 20 46 30 36 27 33 17 43 50 8 56 2 61 7 55 13
0 58 10 48 15 53 5 63 25 35 19 41 22 44 28 38 29 39 23 45 18 40 24 34 4 62 14 52 11 49 1 59 9 51 3 57 6 60 12 54 16 42 26 32 31 37 21 47 20 46 30 36 27 33 17 43 13 55 7 61 2 56 8 50
0 56 60 4 9 49 53 13 47 23 19 43 38 30 26 34 5 61 57 1 12 52 48 8 42 18 22 46 35 27 31 39 28 36 32 24 21 45 41 17 51 11 15 55 58 2 6 62 25 33 37 29 16 40 44 20 54 14 10 50 63 7 3 59
0 56 60 4 9 49 53 13 34 26 30 38 43 19 23 47 21 45 41 17 28 36 32 24 55 15 11 51 62 6 2 58 12 52 48 8 5 61 57 1 46 22 18 42 39 31 27 35 25 33 37 29 16 40 44 20 59 3 7 63 50 10 14 54
0 56 59 3 62 6 5 61 42 18 17 41 20 44 47 23 29 37 38 30 35 27 24 32 55 15 12 52 9 49 50 10 11 51 48 8 53 13 14 54 33 25 26 34 31 39 36 28 22 46 45 21 40 16 19 43 60 4 7 63 2 58 57 1
0 56 59 3 62 6 5 61 23 47 44 20 41 17 18 42 53 13 14 54 11 51 48 8 34 26 25 33 28 36 39 31 35 27 24 32 29 37 38 30 52 12 15 55 10 50 49 9 22 46 45 21 40 16 19 43 1 57 58 2 63 7 4 60
0 56 54 14 35 27 21 45 55 15 1 57 20 44 34 26 29 37 43 19 62 6 8 48 42 18 28 36 9 49 63 7 22 46 32 24 53 13 3 59 33 25 23 47 2 58 52 12 11 51 61 5 40 16 30 38 60 4 10 50 31 39 41 17
0 56 54 14 35 27 21 45 26 34 44 20 57 1 15 55 53 13 3 59 22 46 32 24 47 23 25 33 12 52 58 2 62 6 8 48 29 37 43 19 36 28 18 42 7 63 49 9 11 51 61 5 40 16 30 38 17 41 39 31 50 10 4 60
0 56 44 20 25 33 53 13 26 34 54 14 3 59 47 23 21 45 57 1 12 52 32 24 15 55 35 27 22 46 58 2 28 36 48 8 5 61 41 17 6 62 42 18 31 39 51 11 9 49 37 29 16 40 60 4 19 43 63 7 10 50 38 30
0 56 44 20 25 33 53 13 23 47 59 3 14 54 34 26 5 61 41 17 28 36 48 8 18 42 62 6 11 51 39 31 12 52 32 24 21 45 57 1 27 35 55 15 2 58 46 22 9 49 37 29 16 40 60 4 30 38 50 10 7 63 43 19
0 56 30 38 11 51 21 45 34 26 60 4 41 17 55 15 53 13 43 19 62 6 32 24 23 47 9 49 28 36 2 58 22 46 8 48 29 37 3 59 52 12 42 18 63 7 33 25 35 27 61 5 40 16 54 14 1 57 31 39 10 50 20 44
0 56 30 38 11 51 21 45 15 55 17 41 4 60 26 34 29 37 3 59 22 46 8 48 18 42 12 52 25 33 7 63 62 6 32 24 53 13 43 19 49 9 47 23 58 2 36 28 35 27 61 5 40 16 54 14 44 20 50 10 39 31 57 1
0 56 19 43 22 46 5 61 47 23 60 4 57 1 42 18 53 13 38 30 35 27 48 8 26 34 9 49 12 52 31 39 11 51 24 32 29 37 14 54 36 28 55 15 50 10 33 25 62 6 45 21 40 16 59 3 17 41 2 58 7 63 20 44
0 56 19 43 22 46 5 61 18 42 1 57 4 60 23 47 29 37 14 54 11 51 24 32 15 55 28 36 25 33 10 50 35 27 48 8 53 13 38 30 49 9 34 26 39 31 52 12 62 6 45 21 40 16 59 3 44 20 63 7 58 2 41 17
0 56 17 41 12 52 29 37 42 18 59 3 38 30 55 15 5 61 20 44 9 49 24 32 47 23 62 6 35 27 50 10 25 33 8 48 21 45 4 60 51 11 34 26 63 7 46 22 28 36 13 53 16 40 1 57 54 14 39 31 58 2 43 19
0 56 17 41 12 52 29 37 15 55 30 38 3 59 18 42 21 45 4 60 25 33 8 48 26 34 11 51 22 46 7 63 9 49 24 32 5 61 20 44 6 62 23 47 10 50 27 35 28 36 13 53 16 40 1 57 19 43 2 58 31 39 14 54
0 56 1 57 28 36 29 37 55 15 54 14 43 19 42 18 21 45 20 44 9 49 8 48 34 26 35 27 62 6 63 7 25 33 24 32 5 61 4 60 46 22 47 23 50 10 51 11 12 52 13 53 16 40 17 41 59 3 58 2 39 31 38 30
0 56 1 57 28 36 29 37 18 42 19 43 14 54 15 55 5 61 4 60 25 33 24 32 23 47 22 46 11 51 10 50 9 49 8 48 21 45 20 44 27 35 26 34 7 63 6 62 12 52 13 53 16 40 17 41 30 38 31 39 2 58 3 59
0 54 63 9 23 33 40 30 62 8 1 55 41 31 22 32 49 7 14 56 38 16 25 47 15 57 48 6 24 46 39 17 35 21 28 42 52 2 11 61 29 43 34 20 10 60 53 3 18 36 45 27 5 51 58 12 44 26 19 37 59 13 4 50
0 54 63 9 23 33 40 30 32 22 31 41 55 1 8 62 52 2 11 61 35 21 28 42 20 34 43 29 3 53 60 10 38 16 25 47 49 7 14 56 6 48 57 15 17 39 46 24 18 36 45 27 5 51 58 12 50 4 13 59 37 19 26 44
0 54 61 11 38 16 27 45 34 20 31 41 4 50 57 15 52 2 9 63 18 36 47 25 22 32 43 29 48 6 13 59 23 33 42 28 49 7 12 58 53 3 8 62 19 37 46 24 35 21 30 40 5 51 56 14 1 55 60 10 39 17 26 44
0 54 61 11 38 16 27 45 15 57 50 4 41 31 20 34 49 7 12 58 23 33 42 28 62 8 3 53 24 46 37 19 18 36 47 25 52 2 9 63 29 43 32 22 59 13 6 48 35 21 30 40 5 51 56 14 44 26 17 39 10 60 55 1
0 54 58 12 18 36 40 30 22 32 44 26 4 50 62 8 52 2 14 56 38 16 28 42 34 20 24 46 48 6 10 60 35 21 25 47 49 7 11 61 53 3 15 57 39 17 29 43 23 33 45 27 5 51 63 9 1 55 59 13 19 37 41 31
0 54 58 12 18 36 40 30 8 62 50 4 26 44 32 22 49 7 11 61 35 21 25 47 57 15 3 53 43 29 17 39 38 16 28 42 52 2 14 56 46 24 20 34 60 10 6 48 23 33 45 27 5 51 63 9 31 41 37 19 13 59 55 1
0 54 56 14 35 21 27 45 57 15 1 55 26 44 34 20 49 7 9 63 18 36 42 28 8 62 48 6 43 29 19 37 23 33 47 25 52 2 12 58 46 24 22 32 13 59 53 3 38 16 30 40 5 51 61 11 31 41 39 17 60 10 4 50
0 54 56 14 35 21 27 45 20 34 44 26 55 1 15 57 52 2 12 58 23 33 47 25 32 22 24 46 3 53 59 13 18 36 42 28 49 7 9 63 6 48 62 8 37 19 29 43 38 16 30 40 5 51 61 11 50 4 10 60 17 39 41 31
0 54 50 4 3 53 49 7 15 57 61 11 12 58 62 8 27 45 41 31 24 46 42 28 20 34 38 16 23 33 37 19 43 29 25 47 40 30 26 44 36 18 22 32 39 17 21 35 48 6 2 52 51 5 1 55 63 9 13 59 60 10 14 56
0 54 50 4 3 53 49 7 8 62 58 12 11 61 57 15 40 30 26 44 43 29 25 47 32 22 18 36 35 21 17 39 24 46 42 28 27 45 41 31 16 38 34 20 19 37 33 23 48 6 2 52 51 5 1 55 56 14 10 60 59 13 9 63
0 54 44 26 24 46 52 2 22 32 58 12 14 56 34 20 40 30 4 50 48 6 28 42 62 8 18 36 38 16 10 60 3 53 47 25 27 45 55 1 21 35 57 15 13 59 33 23 43 29 7 49 51 5 31 41 61 11 17 39 37 19 9 63
0 54 44 26 24 46 52 2 20 34 56 14 12 58 32 22 27 45 55 1 3 53 47 25 15 57 35 21 23 33 59 13 48 6 28 42 40 30 4 50 36 18 8 62 60 10 16 38 43 29 7 49 51 5 31 41 63 9 19 37 39 17 11 61
0 54 31 41 43 29 52 2 34 20 61 11 9 63 22 32 27 45 4 50 48 6 47 25 57 15 38 16 18 36 13 59 3 53 28 42 40 30 55 1 33 23 62 8 10 60 21 35 24 46 7 49 51 5 44 26 58 12 37 19 17 39 14 56
0 54 31 41 43 29 52 2 32 22 63 9 11 61 20 34 40 30 55 1 3 53 28 42 8 62 23 33 35 21 60 10 48 6 47 25 27 45 4 50 16 38 15 57 59 13 36 18 24 46 7 49 51 5 44 26 56 14 39 17 19 37 12 58
0 54 1 55 48 6 49 7 62 8 63 9 14 56 15 57 40 30 41 31 24 46 25 47 22 32 23 33 38 16 39 17 43 29 42 28 27 45 26 44 21 35 20 34 37 19 36 18 3 53 2 52 51 5 50 4 61 11 60 10 13 59 12 58
0 54 1 55 48 6 49 7 57 15 56 14 9 63 8 62 27 45 26 44 43 29 42 28 34 20 35 21 18 36 19 37 24 46 25 47 40 30 41 31 33 23 32 22 17 39 16 38 3 53 2 52 51 5 50 4 58 12 59 13 10 60 11 61
0 50 61 15 28 46 33 19 24 42 37 23 4 54 57 11 51 1 14 60 47 29 18 32 43 25 22 36 55 5 10 56 41 27 20 38 53 7 8 58 49 3 12 62 45 31 16 34 26 40 39 21 6 52 59 9 2 48 63 13 30 44 35 17
0 50 61 15 28 46 33 19 11 57 54 4 23 37 42 24 53 7 8 58 41 27 20 38 62 12 3 49 34 16 31 45 47 29 18 32 51 1 14 60 36 22 25 43 56 10 5 55 26 40 39 21 6 52 59 9 17 35 44 30 13 63 48 2
0 50 60 14 41 27 21 39 62 12 2 48 23 37 43 25 53 7 9 59 28 46 32 18 11 57 55 5 34 16 30 44 26 40 38 20 51 1 15 61 36 22 24 42 13 63 49 3 47 29 19 33 6 52 58 8 17 35 45 31 56 10 4 54
0 50 60 14 41 27 21 39 25 43 37 23 48 2 12 62 51 1 15 61 26 40 38 20 42 24 22 36 3 49 63 13 28 46 32 18 53 7 9 59 5 55 57 11 44 30 16 34 47 29 19 33 6 52 58 8 54 4 10 56 31 45 35 17
0 50 59 9 26 40 33 19 57 11 2 48 35 17 24 42 53 7 14 60 47 29 20 38 12 62 55 5 22 36 45 31 41 27 18 32 51 1 8 58 16 34 43 25 10 56 49 3 28 46 39 21 6 52 61 15 37 23 30 44 63 13 4 54
0 50 59 9 26 40 33 19 42 24 17 35 48 2 11 57 51 1 8 58 41 27 18 32 25 43 34 16 3 49 56 10 47 29 20 38 53 7 14 60 5 55 62 12 31 45 36 22 28 46 39 21 6 52 61 15 54 4 13 63 44 30 23 37
0 50 58 8 47 29 21 39 43 25 17 35 4 54 62 12 51 1 9 59 28 46 38 20 24 42 34 16 55 5 13 63 26 40 32 18 53 7 15 61 49 3 11 57 30 44 36 22 41 27 19 33 6 52 60 14 2 48 56 10 45 31 23 37
0 50 58 8 47 29 21 39 12 62 54 4 35 17 25 43 53 7 15 61 26 40 32 18 57 11 3 49 22 36 44 30 28 46 38 20 51 1 9 59 16 34 42 24 63 13 5 55 41 27 19 33 6 52 60 14 37 23 31 45 10 56 48 2
0 50 54 4 3 49 53 7 12 62 58 8 15 61 57 11 21 39 35 17 22 36 32 18 25 43 47 29 26 40 44 30 34 16 20 38 33 19 23 37 46 28 24 42 45 31 27 41 55 5 1 51 52 6 2 48 59 9 13 63 56 10 14 60
0 50 54 4 3 49 53 7 11 57 61 15 8 58 62 12 33 19 23 37 34 16 20 38 42 24 28 46 41 27 31 45 22 36 32 18 21 39 35 17 29 47 43 25 30 44 40 26 55 5 1 51 52 6 2 48 60 14 10 56 63 13 9 59
0 50 37 23 22 36 51 1 25 43 60 14 15 61 42 24 21 39 48 2 3 49 38 20 12 62 41 27 26 40 63 13 55 5 18 32 33 19 4 54 46 28 11 57 56 10 29 47 34 16 7 53 52 6 17 35 59 9 30 44 45 31 8 58
0 50 37 23 22 36 51 1 24 42 61 15 14 60 43 25 33 19 4 54 55 5 18 32 57 11 28 46 47 29 10 56 3 49 38 20 21 39 48 2 27 41 62 12 13 63 40 26 34 16 7 53 52 6 17 35 58 8 31 45 44 30 9 59
0 50 17 35 34 16 51 1 43 25 58 8 9 59 24 42 21 39 4 54 55 5 38 20 62 12 47 29 28 46 13 63 3 49 18 32 33 19 48 2 40 26 57 11 10 56 27 41 22 36 7 53 52 6 37 23 61 15 44 30 31 45 14 60
0 50 17 35 34 16 51 1 42 24 59 9 8 58 25 43 33 19 48 2 3 49 18 32 11 57 26 40 41 27 56 10 55 5 38 20 21 39 4 54 29 47 12 62 63 13 46 28 22 36 7 53 52 6 37 23 60 14 45 31 30 44 15 61
0 50 2 48 55 5 53 7 62 12 60 14 9 59 11 57 21 39 23 37 34 16 32 18 43 25 41 27 28 46 30 44 22 36 20 38 33 19 35 17 40 26 42 24 31 45 29 47 3 49 1 51 52 6 54 4 61 15 63 13 10 56 8 58
0 50 2 48 55 5 53 7 57 11 59 9 14 60 12 62 33 19 35 17 22 36 20 38 24 42 26 40 47 29 45 31 34 16 32 18 21 39 23 37 27 41 25 43 44 30 46 28 3 49 1 51 52 6 54 4 58 8 56 10 13 63 15 61
0 45 63 18 12 33 51 30 26 55 37 8 22 59 41 4 21 56 42 7 25 52 38 11 15 34 48 29 3 46 60 17 28 49 35 14 16 61 47 2 6 43 57 20 10 39 53 24 9 36 54 27 5 40 58 23 19 62 44 1 31 50 32 13
0 45 63 18 12 33 51 30 4 41 59 22 8 37 55 26 16 61 47 2 28 49 35 14 20 57 43 6 24 53 39 10 25 52 38 11 21 56 42 7 29 48 34 15 17 60 46 3 9 36 54 27 5 40 58 23 13 32 50 31 1 44 62 19
0 45 59 22 43 6 16 61 57 20 2 47 18 63 41 4 27 54 32 13 48 29 11 38 34 15 25 52 9 36 50 31 24 53 35 14 51 30 8 37 33 12 26 55 10 39 49 28 3 46 56 21 40 5 19 62 58 23 1 44 17 60 42 7
0 45 59 22 43 6 16 61 4 41 63 18 47 2 20 57 51 30 8 37 24 53 35 14 55 26 12 33 28 49 39 10 48 29 11 38 27 54 32 13 52 25 15 34 31 50 36 9 3 46 56 21 40 5 19 62 7 42 60 17 44 1 23 58
0 45 58 23 9 36 51 30 55 26 13 32 62 19 4 41 21 56 47 2 28 49 38 11 34 15 24 53 43 6 17 60 25 52 35 14 16 61 42 7 46 3 20 57 39 10 29 48 12 33 54 27 5 40 63 18 59 22 1 44 50 31 8 37
0 45 58 23 9 36 51 30 41 4 19 62 32 13 26 55 16 61 42 7 25 52 35 14 57 20 3 46 48 29 10 39 28 49 38 11 21 56 47 2 53 24 15 34 60 17 6 43 12 33 54 27 5 40 63 18 37 8 31 50 44 1 22 59
0 45 37 8 48 29 21 56 34 15 7 42 18 63 55 26 27 54 62 19 43 6 14 35 57 20 28 49 9 36 44 1 3 46 38 11 51 30 22 59 33 12 4 41 17 60 52 25 24 53 61 16 40 5 13 32 58 23 31 50 10 39 47 2
0 45 37 8 48 29 21 56 26 55 63 18 42 7 15 34 51 30 22 59 3 46 38 11 41 4 12 33 25 52 60 17 43 6 14 35 27 54 62 19 49 28 20 57 1 44 36 9 24 53 61 16 40 5 13 32 2 47 39 10 50 31 23 58
0 45 19 62 3 46 16 61 41 4 58 23 42 7 57 20 51 30 32 13 48 29 35 14 26 55 9 36 25 52 10 39 24 53 11 38 27 54 8 37 49 28 34 15 50 31 33 12 43 6 56 21 40 5 59 22 2 47 17 60 1 44 18 63
0 45 19 62 3 46 16 61 20 57 7 42 23 58 4 41 27 54 8 37 24 53 11 38 15 34 28 49 12 33 31 50 48 29 35 14 51 30 32 13 36 9 55 26 39 10 52 25 43 6 56 21 40 5 59 22 63 18 44 1 60 17 47 2
0 45 13 32 24 53 21 56 55 26 58 23 47 2 34 15 51 30 62 19 43 6 38 11 4 41 9 36 28 49 17 60 3 46 14 35 27 54 22 59 52 25 57 20 44 1 33 12 48 29 61 16 40 5 37 8 7 42 10 39 31 50 18 63
0 45 13 32 24 53 21 56 15 34 2 47 23 58 26 55 27 54 22 59 3 46 14 35 20 57 25 52 12 33 1 44 43 6 38 11 51 30 62 19 36 9 41 4 60 17 49 28 48 29 61 16 40 5 37 8 63 18 50 31 39 10 42 7
0 45 7 42 28 49 27 54 34 15 37 8 62 19 57 20 21 56 18 63 9 36 14 35 55 26 48 29 43 6 44 1 12 33 11 38 16 61 23 58 46 3 41 4 50 31 53 24 25 52 30 51 5 40 2 47 59 22 60 17 39 10 32 13
0 45 7 42 28 49 27 54 20 57 19 62 8 37 15 34 16 61 23 58 12 33 11 38 4 41 3 46 24 53 31 50 9 36 14 35 21 56 18 63 29 48 26 55 1 44 6 43 25 52 30 51 5 40 2 47 13 32 10 39 17 60 22 59
0 45 2 47 25 52 27 54 57 20 59 22 32 13 34 15 16 61 18 63 9 36 11 38 41 4 43 6 48 29 50 31 12 33 14 35 21 56 23 58 53 24 55 26 44 1 46 3 28 49 30 51 5 40 7 42 37 8 39 10 60 17 62 19
0 45 2 47 25 52 27 54 15 34 13 32 22 59 20 57 21 56 23 58 12 33 14 35 26 55 24 53 3 46 1 44 9 36 11 38 16 61 18 63 6 43 4 41 31 50 29 48 28 49 30 51 5 40 7 42 19 62 17 60 10 39 8 37
0 44 59 23 8 36 51 31 28 48 39 11 20 56 47 3 16 60 43 7 24 52 35 15 12 32 55 27 4 40 63 19 41 5 18 62 33 13 26 54 53 25 14 34 61 17 6 42 57 21 2 46 49 29 10 38 37 9 30 50 45 1 22 58
0 44 59 23 8 36 51 31 3 47 56 20 11 39 48 28 33 13 26 54 41 5 18 62 34 14 25 53 42 6 17 61 24 52 35 15 16 60 43 7 27 55 32 12 19 63 40 4 57 21 2 46 49 29 10 38 58 22 1 45 50 30 9 37
0 44 58 22 42 6 16 60 48 28 10 38 26 54 32 12 51 31 9 37 25 53 35 15 3 47 57 21 41 5 19 63 4 40 62 18 46 2 20 56 52 24 14 34 30 50 36 8 55 27 13 33 29 49 39 11 7 43 61 17 45 1 23 59
0 44 58 22 42 6 16 60 12 32 54 26 38 10 28 48 46 2 20 56 4 40 62 18 34 14 24 52 8 36 50 30 25 53 35 15 51 31 9 37 21 57 47 3 63 19 5 41 55 27 13 33 29 49 39 11 59 23 1 45 17 61 43 7
0 44 56 20 25 53 33 13 14 34 54 26 23 59 47 3 46 2 22 58 55 27 15 35 32 12 24 52 57 21 1 45 42 6 18 62 51 31 11 39 36 8 28 48 61 17 5 41 4 40 60 16 29 49 37 9 10 38 50 30 19 63 43 7
0 44 56 20 25 53 33 13 3 47 59 23 26 54 34 14 51 31 11 39 42 6 18 62 48 28 8 36 41 5 17 61 55 27 15 35 46 2 22 58 52 24 12 32 45 1 21 57 4 40 60 16 29 49 37 9 7 43 63 19 30 50 38 10
0 44 54 26 24 52 46 2 14 34 56 20 22 58 32 12 33 13 23 59 57 21 15 35 47 3 25 53 55 27 1 45 8 36 62 18 16 60 38 10 6 42 48 28 30 50 40 4 41 5 31 51 49 29 7 43 39 11 17 61 63 19 9 37
0 44 54 26 24 52 46 2 12 32 58 22 20 56 34 14 16 60 38 10 8 36 62 18 28 48 42 6 4 40 50 30 57 21 15 35 33 13 23 59 53 25 3 47 45 1 27 55 41 5 31 51 49 29 7 43 37 9 19 63 61 17 11 39
0 44 39 11 55 27 16 60 32 12 7 43 23 59 48 28 46 2 9 37 25 53 62 18 14 34 41 5 57 21 30 50 4 40 35 15 51 31 20 56 36 8 3 47 19 63 52 24 42 6 13 33 29 49 58 22 10 38 45 1 61 17 26 54
0 44 39 11 55 27 16 60 28 48 59 23 43 7 12 32 51 31 20 56 4 40 35 15 47 3 8 36 24 52 63 19 25 53 62 18 46 2 9 37 5 41 34 14 50 30 21 57 42 6 13 33 29 49 58 22 54 26 17 61 1 45 38 10
0 44 37 9 4 40 33 13 47 3 10 38 43 7 14 34 51 31 22 58 55 27 18 62 28 48 57 21 24 52 61 17 42 6 15 35 46 2 11 39 5 41 32 12 1 45 36 8 25 53 60 16 29 49 56 20 54 26 19 63 50 30 23 59
0 44 37 9 4 40 33 13 34 14 7 43 38 10 3 47 46 2 11 39 42 6 15 35 12 32 41 5 8 36 45 1 55 27 18 62 51 31 22 58 21 57 48 28 17 61 52 24 25 53 60 16 29 49 56 20 59 23 30 50 63 19 26 54
0 44 10 38 57 21 51 31 48 28 58 22 9 37 3 47 16 60 26 54 41 5 35 15 32 12 42 6 25 53 19 63 24 52 18 62 33 13 43 7 40 4 34 14 17 61 27 55 8 36 2 46 49 29 59 23 56 20 50 30 1 45 11 39
0 44 10 38 57 21 51 31 47 3 37 9 22 58 28 48 33 13 43 7 24 52 18 62 14 34 4 40 55 27 61 17 41 5 35 15 16 60 26 54 6 42 12 32 63 19 53 25 8 36 2 46 49 29 59 23 39 11 45 1 30 50 20 56
0 44 7 43 41 5 46 2 34 14 37 9 11 39 12 32 33 13 38 10 8 36 15 35 3 47 4 40 42 6 45 1 57 21 62 18 16 60 23 59 27 55 28 48 50 30 53 25 24 52 31 51 49 29 54 26 58 22 61 17 19 63 20 56
0 44 7 43 41 5 46 2 32 12 39 11 9 37 14 34 16 60 23 59 57 21 62 18 48 28 55 27 25 53 30 50 8 36 15 35 33 13 38 10 40 4 47 3 1 45 6 42 24 52 31 51 49 29 54 26 56 20 63 19 17 61 22 58
0 39 63 24 34 5 29 58 62 25 1 38 28 59 35 4 21 50 42 13 55 16 8 47 43 12 20 51 9 46 54 17 22 49 41 14 52 19 11 44 40 15 23 48 10 45 53 18 3 36 60 27 33 6 30 57 61 26 2 37 31 56 32 7
0 39 63 24 34 5 29 58 4 35 59 28 38 1 25 62 52 19 11 44 22 49 41 14 48 23 15 40 18 53 45 10 55 16 8 47 21 50 42 13 51 20 12 43 17 54 46 9 3 36 60 27 33 6 30 57 7 32 56 31 37 2 26 61
0 39 61 26 9 46 52 19 48 23 13 42 57 30 4 35 27 60 38 1 18 53 47 8 43 12 22 49 34 5 31 56 20 51 41 14 29 58 32 7 36 3 25 62 45 10 16 55 15 40 50 21 6 33 59 28 63 24 2 37 54 17 11 44
0 39 61 26 9 46 52 19 35 4 30 57 42 13 23 48 29 58 32 7 20 51 41 14 62 25 3 36 55 16 10 45 18 53 47 8 27 60 38 1 49 22 12 43 56 31 5 34 15 40 50 21 6 33 59 28 44 11 17 54 37 2 24 63
0 39 59 28 15 40 52 19 23 48 44 11 24 63 35 4 27 60 32 7 20 51 47 8 12 43 55 16 3 36 56 31 18 53 41 14 29 58 38 1 5 34 62 25 10 45 49 22 9 46 50 21 6 33 61 26 30 57 37 2 17 54 42 13
0 39 59 28 15 40 52 19 4 35 63 24 11 44 48 23 29 58 38 1 18 53 41 14 25 62 34 5 22 49 45 10 20 51 47 8 27 60 32 7 16 55 43 12 31 56 36 3 9 46 50 21 6 33 61 26 13 42 54 17 2 37 57 30
0 39 44 11 55 16 27 60 43 12 7 32 28 59 48 23 21 50 57 30 34 5 14 41 62 25 18 53 9 46 37 2 3 36 47 8 52 19 24 63 40 15 4 35 31 56 51 20 22 49 58 29 33 6 13 42 61 26 17 54 10 45 38 1
0 39 44 11 55 16 27 60 23 48 59 28 32 7 12 43 52 19 24 63 3 36 47 8 35 4 15 40 20 51 56 31 34 5 14 41 21 50 57 30 53 18 25 62 2 37 46 9 22 49 58 29 33 6 13 42 1 38 45 10 54 17 26 61
0 39 30 57 3 36 29 58 35 4 61 26 32 7 62 25 52 19 42 13 55 16 41 14 23 48 9 46 20 51 10 45 22 49 8 47 21 50 11 44 53 18 43 12 54 17 40 15 34 5 60 27 33 6 63 24 1 38 31 56 2 37 28 59
0 39 30 57 3 36 29 58 25 62 7 32 26 61 4 35 21 50 11 44 22 49 8 47 12 43 18 53 15 40 17 54 55 16 41 14 52 19 42 13 46 9 48 23 45 10 51 20 34 5 60 27 33 6 63 24 59 28 37 2 56 31 38 1
0 39 13 42 22 49 27 60 48 23 61 26 38 1 43 12 52 19 57 30 34 5 47 8 4 35 9 46 18 53 31 56 3 36 14 41 21 50 24 63 51 20 62 25 37 2 40 15 55 16 58 29 33 6 44 11 7 32 10 45 17 54 28 59
0 39 13 42 22 49 27 60 12 43 1 38 26 61 23 48 21 50 24 63 3 36 14 41 25 62 20 51 15 40 2 37 34 5 47 8 52 19 57 30 46 9 35 4 56 31 53 18 55 16 58 29 33 6 44 11 59 28 54 17 45 10 32 7
0 39 7 32 18 53 21 50 43 12 44 11 57 30 62 25 27 60 28 59 9 46 14 41 48 23 55 16 34 5 37 2 15 40 8 47 29 58 26 61 36 3 35 4 54 17 49 22 20 51 19 52 6 33 1 38 63 24 56 31 45 10 42 13
0 39 7 32 18 53 21 50 25 62 30 57 11 44 12 43 29 58 26 61 15 40 8 47 4 35 3 36 22 49 17 54 9 46 14 41 27 60 28 59 16 55 23 48 2 37 5 34 20 51 19 52 6 33 1 38 13 42 10 45 31 56 24 63
0 39 1 38 20 51 21 50 62 25 63 24 42 13 43 12 29 58 28 59 9 46 8 47 35 4 34 5 55 16 54 17 15 40 14 41 27 60 26 61 49 22 48 23 37 2 36 3 18 53 19 52 6 33 7 32 44 11 45 10 56 31 57 30
0 39 1 38 20 51 21 50 12 43 13 42 24 63 25 62 27 60 26 61 15 40 14 41 23 48 22 49 3 36 2 37 9 46 8 47 29 58 28 59 5 34 4 35 17 54 16 55 18 53 19 52 6 33 7 32 30 57 31 56 10 45 11 44
0 37 63 26 11 46 52 17 18 55 45 8 25 60 38 3 29 56 34 7 22 51 41 12 15 42 48 21 4 33 59 30 35 6 28 57 40 13 23 50 49 20 14 43 58 31 5 32 62 27 1 36 53 16 10 47 44 9 19 54 39 2 24 61
0 37 63 26 11 46 52 17 3 38 60 25 8 45 55 18 40 13 23 50 35 6 28 57 43 14 20 49 32 5 31 58 22 51 41 12 29 56 34 7 21 48 42 15 30 59 33 4 62 27 1 36 53 16 10 47 61 24 2 39 54 19 9 44
0 37 61 24 32 5 29 56 55 18 10 47 23 50 42 15 52 17 9 44 20 49 41 12 3 38 62 27 35 6 30 59 4 33 57 28 36 1 25 60 51 22 14 43 19 54 46 11 48 21 13 40 16 53 45 8 7 34 58 31 39 2 26 63
0 37 61 24 32 5 29 56 15 42 50 23 47 10 18 55 36 1 25 60 4 33 57 28 43 14 22 51 11 46 54 19 20 49 41 12 52 17 9 44 27 62 38 3 59 30 6 35 48 21 13 40 16 53 45 8 63 26 2 39 31 58 34 7
0 37 60 25 20 49 40 13 14 43 50 23 26 63 38 3 36 1 24 61 48 21 12 41 42 15 22 51 62 27 2 39 32 5 28 57 52 17 8 45 46 11 18 55 58 31 6 35 4 33 56 29 16 53 44 9 10 47 54 19 30 59 34 7
0 37 60 25 20 49 40 13 3 38 63 26 23 50 43 14 52 17 8 45 32 5 28 57 55 18 11 46 35 6 31 58 48 21 12 41 36 1 24 61 51 22 15 42 39 2 27 62 4 33 56 29 16 53 44 9 7 34 59 30 19 54 47 10
0 37 50 23 22 51 36 1 15 42 61 24 25 60 43 14 29 56 47 10 11 46 57 28 18 55 32 5 4 33 54 19 62 27 12 41 40 13 26 63 49 20 3 38 39 2 21 48 35 6 17 52 53 16 7 34 44 9 30 59 58 31 8 45
0 37 50 23 22 51 36 1 14 43 60 25 24 61 42 15 40 13 26 63 62 27 12 41 38 3 20 49 48 21 2 39 11 46 57 28 29 56 47 10 5 32 55 18 19 54 33 4 35 6 17 52 53 16 7 34 45 8 31 58 59 30 9 44
0 37 45 8 48 21 29 56 42 15 7 34 26 63 55 18 36 1 9 44 20 49 57 28 14 43 35 6 62 27 19 54 4 33 41 12 52 17 25 60 46 11 3 38 30 59 51 22 32 5 13 40 16 53 61 24 10 47 39 2 58 31 23 50
0 37 45 8 48 21 29 56 18 55 63 26 34 7 15 42 52 17 25 60 4 33 41 12 38 3 11 46 22 51 59 30 20 49 57 28 36 1 9 44 6 35 43 14 54 19 27 62 32 5 13 40 16 53 61 24 50 23 31 58 2 39 47 10
0 37 44 9 4 33 40 13 43 14 7 34 47 10 3 38 36 1 8 45 32 5 12 41 15 42 35 6 11 46 39 2 48 21 28 57 52 17 24 61 27 62 55 18 31 58 51 22 20 49 56 29 16 53 60 25 63 26 19 54 59 30 23 50
0 37 44 9 4 33 40 13 38 3 10 47 34 7 14 43 52 17 24 61 48 21 28 57 18 55 62 27 22 51 58 31 32 5 12 41 36 1 8 45 6 35 42 15 2 39 46 11 20 49 56 29 16 53 60 25 50 23 30 59 54 19 26 63
0 37 10 47 62 27 52 17 55 18 61 24 9 44 3 38 29 56 23 50 35 6 41 12 42 15 32 5 20 49 30 59 22 51 28 57 40 13 34 7 33 4 43 14 31 58 21 48 11 46 1 36 53 16 63 26 60 25 54 19 2 39 8 45
0 37 10 47 62 27 52 17 38 3 44 9 24 61 18 55 40 13 34 7 22 51 28 57 14 43 4 33 48 21 58 31 35 6 41 12 29 56 23 50 5 32 15 42 59 30 49 20 11 46 1 36 53 16 63 26 45 8 39 2 19 54 25 60
0 37 7 34 35 6 36 1 43 14 44 9 8 45 15 42 40 13 47 10 11 46 12 41 3 38 4 33 32 5 39 2 62 27 57 28 29 56 26 63 21 48 18 55 54 19 49 20 22 51 17 52 53 16 50 23 61 24 58 31 30 59 25 60
0 37 7 34 35 6 36 1 42 15 45 8 9 44 14 43 29 56 26 63 62 27 57 28 55 18 48 21 20 49 19 54 11 46 12 41 40 13 47 10 33 4 38 3 2 39 5 32 22 51 17 52 53 16 50 23 60 25 59 30 31 58 24 61
0 31 63 32 42 53 21 10 9 22 54 41 35 60 28 3 29 2 34 61 55 40 8 23 20 11 43 52 62 33 1 30 25 6 38 57 51 44 12 19 16 15 47 48 58 37 5 26 4 27 59 36 46 49 17 14 13 18 50 45 39 56 24 7
0 31 63 32 42 53 21 10 3 28 60 35 41 54 22 9 51 44 12 19 25 6 38 57 48 47 15 16 26 5 37 58 55 40 8 23 29 2 34 61 52 43 11 20 30 1 33 62 4 27 59 36 46 49 17 14 7 24 56 39 45 50 18 13
0 31 61 34 25 6 36 59 48 47 13 18 41 54 20 11 51 44 14 17 42 53 23 8 3 28 62 33 26 5 39 56 4 27 57 38 29 2 32 63 52 43 9 22 45 50 16 15 55 40 10 21 46 49 19 12 7 24 58 37 30 1 35 60
0 31 61 34 25 6 36 59 11 20 54 41 18 13 47 48 29 2 32 63 4 27 57 38 22 9 43 52 15 16 50 45 42 53 23 8 51 44 14 17 33 62 28 3 56 39 5 26 55 40 10 21 46 49 19 12 60 35 1 30 37 58 24 7
0 31 60 35 15 16 51 44 47 48 19 12 32 63 28 3 36 59 24 7 43 52 23 8 11 20 55 40 4 27 56 39 26 5 38 57 21 10 41 54 53 42 9 22 58 37 6 25 62 33 2 29 49 46 13 18 17 14 45 50 30 1 34 61
0 31 60 35 15 16 51 44 3 28 63 32 12 19 48 47 21 10 41 54 26 5 38 57 22 9 42 53 25 6 37 58 43 52 23 8 36 59 24 7 40 55 20 11 39 56 27 4 62 33 2 29 49 46 13 18 61 34 1 30 50 45 14 17
0 31 54 41 43 52 29 2 11 20 61 34 32 63 22 9 36 59 18 13 15 16 57 38 47 48 25 6 4 27 50 45 62 33 8 23 21 10 35 60 53 42 3 28 30 1 40 55 26 5 44 51 49 46 7 24 17 14 39 56 58 37 12 19
0 31 54 41 43 52 29 2 9 22 63 32 34 61 20 11 21 10 35 60 62 33 8 23 28 3 42 53 55 40 1 30 15 16 57 38 36 59 18 13 6 25 48 47 45 50 27 4 26 5 44 51 49 46 7 24 19 12 37 58 56 39 14 17
0 31 19 12 55 40 36 59 47 48 60 35 24 7 11 20 51 44 32 63 4 27 23 8 28 3 15 16 43 52 56 39 42 53 57 38 29 2 14 17 5 26 22 9 50 45 33 62 25 6 10 21 46 49 61 34 54 41 37 58 1 30 18 13
0 31 19 12 55 40 36 59 20 11 7 24 35 60 48 47 29 2 14 17 42 53 57 38 9 22 26 5 62 33 45 50 4 27 23 8 51 44 32 63 16 15 3 28 39 56 52 43 25 6 10 21 46 49 61 34 13 18 30 1 58 37 41 54
0 31 17 14 4 27 21 10 28 3 13 18 24 7 9 22 51 44 34 61 55 40 38 57 47 48 62 33 43 52 58 37 25 6 8 23 29 2 12 19 5 26 20 11 1 30 16 15 42 53 59 36 46 49 63 32 54 41 39 56 50 45 35 60
0 31 17 14 4 27 21 10 22 9 7 24 18 13 3 28 29 2 12 19 25 6 8 23 11 20 26 5 15 16 30 1 55 40 38 57 51 44 34 61 33 62 48 47 37 58 52 43 42 53 59 36 46 49 63 32 60 35 45 50 56 39 41 54
0 31 13 18 62 33 51 44 48 47 61 34 14 17 3 28 36 59 41 54 26 5 23 8 20 11 25 6 42 53 39 56 43 52 38 57 21 10 24 7 27 4 22 9 37 58 40 55 15 16 2 29 49 46 60 35 63 32 50 45 1 30 12 19
0 31 13 18 62 33 51 44 28 3 17 14 34 61 47 48 21 10 24 7 43 52 38 57 9 22 4 27 55 40 58 37 26 5 23 8 36 59 41 54 6 25 11 20 56 39 53 42 15 16 2 29 49 46 60 35 19 12 30 1 45 50 32 63
0 31 7 24 26 5 29 2 22 9 17 14 12 19 11 20 21 10 18 13 15 16 8 23 3 28 4 27 25 6 30 1 62 33 57 38 36 59 35 60 40 55 47 48 50 45 53 42 43 52 44 51 49 46 54 41 61 34 58 37 39 56 32 63
0 31 7 24 26 5 29 2 20 11 19 12 14 17 9 22 36 59 35 60 62 33 57 38 48 47 55 40 42 53 45 50 15 16 8 23 21 10 18 13 27 4 28 3 1 30 6 25 43 52 44 51 49 46 54 41 63 32 56 39 37 58 34 61
0 30 61 35 14 16 51 45 55 41 10 20 57 39 4 26 33 63 28 2 47 49 18 12 22 8 43 53 24 6 37 59 42 52 23 9 36 58 25 7 29 3 32 62 19 13 46 48 11 21 54 40 5 27 56 38 60 34 1 31 50 44 15 17
0 30 61 35 14 16 51 45 26 4 39 57 20 10 41 55 36 58 25 7 42 52 23 9 62 32 3 29 48 46 13 19 47 49 18 12 33 63 28 2 53 43 8 22 59 37 6 24 11 21 54 40 5 27 56 38 17 15 44 50 31 1 34 60
0 30 60 34 24 6 36 58 62 32 2 28 38 56 26 4 40 54 20 10 48 46 12 18 22 8 42 52 14 16 50 44 43 53 23 9 51 45 15 17 21 11 41 55 13 19 49 47 3 29 63 33 27 5 39 57 61 35 1 31 37 59 25 7
0 30 60 34 24 6 36 58 4 26 56 38 28 2 32 62 51 45 15 17 43 53 23 9 55 41 11 21 47 49 19 13 48 46 12 18 40 54 20 10 52 42 8 22 44 50 16 14 3 29 63 33 27 5 39 57 7 25 59 37 31 1 35 61
0 30 56 38 11 21 51 45 41 55 17 15 34 60 26 4 33 63 25 7 42 52 18 12 8 22 48 46 3 29 59 37 47 49 23 9 36 58 28 2 6 24 62 32 13 19 53 43 14 16 54 40 5 27 61 35 39 57 31 1 44 50 20 10
0 30 56 38 11 21 51 45 4 26 60 34 15 17 55 41 36 58 28 2 47 49 23 9 32 62 24 6 43 53 19 13 42 52 18 12 33 63 25 7 46 48 22 8 37 59 29 3 14 16 54 40 5 27 61 35 10 20 50 44 1 31 57 39
0 30 39 57 3 29 36 58 32 62 7 25 35 61 4 26 40 54 15 17 43 53 12 18 8 22 47 49 11 21 44 50 48 46 23 9 51 45 20 10 16 14 55 41 19 13 52 42 24 6 63 33 27 5 60 34 56 38 31 1 59 37 28 2
0 30 39 57 3 29 36 58 26 4 61 35 25 7 62 32 51 45 20 10 48 46 23 9 41 55 14 16 42 52 13 19 43 53 12 18 40 54 15 17 49 47 22 8 50 44 21 11 24 6 63 33 27 5 60 34 2 28 37 59 1 31 38 56
0 30 17 15 48 46 33 63 41 55 56 38 25 7 8 22 51 45 34 60 3 29 18 12 26 4 11 21 42 52 59 37 24 6 9 23 40 54 57 39 49 47 32 62 1 31 16 14 43 53 58 36 27 5 10 20 2 28 19 13 50 44 35 61
0 30 17 15 48 46 33 63 22 8 7 25 38 56 55 41 40 54 57 39 24 6 9 23 62 32 47 49 14 16 31 1 3 29 18 12 51 45 34 60 21 11 4 26 37 59 52 42 43 53 58 36 27 5 10 20 61 35 44 50 13 19 28 2
0 30 10 20 43 53 33 63 55 41 61 35 28 2 22 8 51 45 57 39 24 6 18 12 4 26 14 16 47 49 37 59 3 29 9 23 40 54 34 60 52 42 62 32 31 1 21 11 48 46 58 36 27 5 17 15 7 25 13 19 44 50 38 56
0 30 10 20 43 53 33 63 8 22 2 28 35 61 41 55 40 54 34 60 3 29 9 23 32 62 42 52 11 21 1 31 24 6 18 12 51 45 57 39 16 14 26 4 59 37 49 47 48 46 58 36 27 5 17 15 56 38 50 44 19 13 25 7
0 30 7 25 47 49 40 54 32 62 39 57 15 17 8 22 36 58 35 61 11 21 12 18 4 26 3 29 43 53 44 50 14 16 9 23 33 63 38 56 46 48 41 55 1 31 6 24 42 52 45 51 5 27 2 28 10 20 13 19 37 59 34 60
0 30 7 25 47 49 40 54 22 8 17 15 57 39 62 32 33 63 38 56 14 16 9 23 55 41 48 46 24 6 31 1 11 21 12 18 36 58 35 61 29 3 26 4 50 44 53 43 42 52 45 51 5 27 2 28 60 34 59 37 19 13 20 10
0 30 2 28 42 52 40 54 62 32 60 34 20 10 22 8 36 58 38 56 14 16 12 18 26 4 24 6 48 46 50 44 11 21 9 23 33 63 35 61 53 43 55 41 31 1 29 3 47 49 45 51 5 27 7 25 17 15 19 13 59 37 57 39
0 30 2 28 42 52 40 54 8 22 10 20 34 60 32 62 33 63 35 61 11 21 9 23 41 55 43 53 3 29 1 31 14 16 12 18 36 58 38 56 6 24 4 26 44 50 46 48 47 49 45 51 5 27 7 25 39 57 37 59 13 19 15 17
0 19 60 47 8 27 52 39 35 48 31 12 43 56 23 4 40 59 20 7 32 51 28 15 11 24 55 36 3 16 63 44 38 53 26 9 46 61 18 1 5 22 57 42 13 30 49 34 14 29 50 33 6 21 58 41 45 62 17 2 37 54 25 10
0 19 60 47 8 27 52 39 4 23 56 43 12 31 48 35 46 61 18 1 38 53 26 9 42 57 22 5 34 49 30 13 32 51 28 15 40 59 20 7 36 55 24 11 44 63 16 3 14 29 50 33 6 21 58 41 10 25 54 37 2 17 62 45
0 19 58 41 14 29 52 39 48 35 10 25 62 45 4 23 40 59 18 1 38 53 28 15 24 11 34 49 22 5 44 63 32 51 26 9 46 61 20 7 16 3 42 57 30 13 36 55 8 27 50 33 6 21 60 47 56 43 2 17 54 37 12 31
0 19 58 41 14 29 52 39 23 4 45 62 25 10 35 48 46 61 20 7 32 51 26 9 57 42 3 16 55 36 13 30 38 53 28 15 40 59 18 1 49 34 11 24 63 44 5 22 8 27 50 33 6 21 60 47 31 12 37 54 17 2 43 56
0 19 56 43 22 5 46 61 57 42 1 18 47 60 23 4 33 50 25 10 55 36 15 28 24 11 32 51 14 29 54 37 34 49 26 9 52 39 12 31 27 8 35 48 13 30 53 38 3 16 59 40 21 6 45 62 58 41 2 17 44 63 20 7
0 19 56 43 22 5 46 61 4 23 60 47 18 1 42 57 52 39 12 31 34 49 26 9 48 35 8 27 38 53 30 13 55 36 15 28 33 50 25 10 51 32 11 24 37 54 29 14 3 16 59 40 21 6 45 62 7 20 63 44 17 2 41 58
0 19 45 62 3 16 46 61 42 57 7 20 41 58 4 23 33 50 12 31 34 49 15 28 11 24 38 53 8 27 37 54 55 36 26 9 52 39 25 10 29 14 48 35 30 13 51 32 22 5 59 40 21 6 56 43 60 47 17 2 63 44 18 1
0 19 45 62 3 16 46 61 23 4 58 41 20 7 57 42 52 39 25 10 55 36 26 9 35 48 14 29 32 51 13 30 34 49 15 28 33 50 12 31 53 38 24 11 54 37 27 8 22 5 59 40 21 6 56 43 1 18 44 63 2 17 47 60
0 19 31 12 55 36 40 59 35 48 60 47 20 7 11 24 52 39 43 56 3 16 28 15 23 4 8 27 32 51 63 44 22 5 9 26 33 50 62 45 53 38 42 57 2 17 29 14 34 49 61 46 21 6 10 25 1 18 30 13 54 37 41 58
0 19 31 12 55 36 40 59 24 11 7 20 47 60 48 35 33 50 62 45 22 5 9 26 57 42 38 53 14 29 17 2 3 16 28 15 52 39 43 56 27 8 4 23 44 63 51 32 34 49 61 46 21 6 10 25 58 41 37 54 13 30 18 1
0 19 10 25 34 49 40 59 48 35 58 41 18 1 24 11 52 39 62 45 22 5 28 15 4 23 14 29 38 53 44 63 3 16 9 26 33 50 43 56 51 32 57 42 17 2 27 8 55 36 61 46 21 6 31 12 7 20 13 30 37 54 47 60
0 19 10 25 34 49 40 59 11 24 1 18 41 58 35 48 33 50 43 56 3 16 9 26 42 57 32 51 8 27 2 17 22 5 28 15 52 39 62 45 29 14 23 4 63 44 53 38 55 36 61 46 21 6 31 12 60 47 54 37 30 13 20 7
0 19 7 20 38 53 33 50 42 57 45 62 12 31 11 24 46 61 41 58 8 27 15 28 4 23 3 16 34 49 37 54 14 29 9 26 40 59 47 60 36 55 35 48 2 17 5 22 32 51 39 52 6 21 1 18 10 25 13 30 44 63 43 56
0 19 7 20 38 53 33 50 24 11 31 12 62 45 57 42 40 59 47 60 14 29 9 26 48 35 55 36 22 5 17 2 8 27 15 28 46 61 41 58 16 3 23 4 54 37 49 34 32 51 39 52 6 21 1 18 56 43 63 44 30 13 25 10
0 19 1 18 32 51 33 50 57 42 56 43 25 10 24 11 46 61 47 60 14 29 15 28 23 4 22 5 55 36 54 37 8 27 9 26 40 59 41 58 49 34 48 35 17 2 16 3 38 53 39 52 6 21 7 20 31 12 30 13 63 44 62 45
0 19 1 18 32 51 33 50 11 24 10 25 43 56 42 57 40 59 41 58 8 27 9 26 35 48 34 49 3 16 2 17 14 29 15 28 46 61 47 60 5 22 4 23 37 54 36 55 38 53 39 52 6 21 7 20 45 62 44 63 13 30 12 31
0 17 59 42 32 49 27 10 9 24 50 35 41 56 18 3 16 1 43 58 48 33 11 26 25 8 34 51 57 40 2 19 20 5 47 62 52 37 15 30 29 12 38 55 61 44 6 23 4 21 63 46 36 53 31 14 13 28 54 39 45 60 22 7
0 17 59 42 32 49 27 10 3 18 56 41 35 50 24 9 52 37 15 30 20 5 47 62 55 38 12 29 23 6 44 61 48 33 11 26 16 1 43 58 51 34 8 25 19 2 40 57 4 21 63 46 36 53 31 14 7 22 60 45 39 54 28 13
0 17 58 43 20 5 46 63 55 38 13 28 35 50 25 8 52 37 14 31 32 49 26 11 3 18 57 40 23 6 45 60 4 21 62 47 16 1 42 59 51 34 9 24 39 54 29 12 48 33 10 27 36 53 30 15 7 22 61 44 19 2 41 56
0 17 58 43 20 5 46 63 8 25 50 35 28 13 38 55 16 1 42 59 4 21 62 47 24 9 34 51 12 29 54 39 32 49 26 11 52 37 14 31 40 57 18 3 60 45 6 23 48 33 10 27 36 53 30 15 56 41 2 19 44 61 22 7
0 17 56 41 12 29 52 37 38 55 30 15 42 59 18 3 46 63 22 7 34 51 26 11 8 25 48 33 4 21 60 45 23 6 47 62 27 10 35 50 49 32 9 24 61 44 5 20 57 40 1 16 53 36 13 28 31 14 39 54 19 2 43 58
0 17 56 41 12 29 52 37 3 18 59 42 15 30 55 38 27 10 35 50 23 6 47 62 24 9 32 49 20 5 44 61 34 51 26 11 46 63 22 7 33 48 25 8 45 60 21 4 57 40 1 16 53 36 13 28 58 43 2 19 54 39 14 31
0 17 50 35 34 51 16 1 9 24 59 42 43 58 25 8 27 10 41 56 57 40 11 26 18 3 32 49 48 33 2 19 12 29 62 47 46 63 28 13 5 20 55 38 39 54 21 4 23 6 37 52 53 36 7 22 30 15 44 61 60 45 14 31
0 17 50 35 34 51 16 1 8 25 58 43 42 59 24 9 46 63 28 13 12 29 62 47 38 55 20 5 4 21 54 39 57 40 11 26 27 10 41 56 49 32 3 18 19 2 33 48 23 6 37 52 53 36 7 22 31 14 45 60 61 44 15 30
0 17 31 14 4 21 27 10 24 9 7 22 28 13 3 18 16 1 15 30 20 5 11 26 8 25 23 6 12 29 19 2 48 33 47 62 52 37 43 58 40 57 55 38 44 61 51 34 32 49 63 46 36 53 59 42 56 41 39 54 60 45 35 50
0 17 31 14 4 21 27 10 18 3 13 28 22 7 9 24 52 37 43 58 48 33 47 62 38 55 57 40 34 51 61 44 20 5 11 26 16 1 15 30 6 23 25 8 2 19 29 12 32 49 63 46 36 53 59 42 50 35 45 60 54 39 41 56
0 17 30 15 48 33 46 63 38 55 56 41 22 7 8 25 52 37 42 59 4 21 26 11 18 3 12 29 34 51 60 45 32 49 62 47 16 1 14 31 6 23 24 9 54 39 40 57 20 5 10 27 36 53 58 43 50 35 44 61 2 19 28 13
0 17 30 15 48 33 46 63 25 8 7 22 41 56 55 38 16 1 14 31 32 49 62 47 9 24 23 6 57 40 39 54 4 21 26 11 52 37 42 59 29 12 3 18 45 60 51 34 20 5 10 27 36 53 58 43 13 28 19 2 61 44 35 50
0 17 13 28 57 40 52 37 55 38 58 43 14 31 3 18 46 63 35 50 23 6 26 11 25 8 20 5 32 49 45 60 34 51 47 62 27 10 22 7 21 4 24 9 44 61 33 48 12 29 1 16 53 36 56 41 59 42 54 39 2 19 15 30
0 17 13 28 57 40 52 37 18 3 31 14 43 58 38 55 27 10 22 7 34 51 47 62 9 24 4 21 48 33 61 44 23 6 26 11 46 63 35 50 5 20 8 25 60 45 49 32 12 29 1 16 53 36 56 41 30 15 19 2 39 54 42 59
0 17 7 22 23 6 16 1 25 8 30 15 14 31 9 24 46 63 41 56 57 40 62 47 55 38 48 33 32 49 39 54 12 29 11 26 27 10 28 13 21 4 18 3 2 19 5 20 34 51 37 52 53 36 50 35 59 42 60 45 44 61 43 58
0 17 7 22 23 6 16 1 24 9 31 14 15 30 8 25 27 10 28 13 12 29 11 26 3 18 4 21 20 5 19 2 57 40 62 47 46 63 41 56 33 48 38 55 54 39 49 32 34 51 37 52 53 36 50 35 58 43 61 44 45 60 42 59
0 13 61 48 8 5 53 56 34 47 31 18 42 39 23 26 33 44 28 17 41 36 20 25 3 14 62 51 11 6 54 59 57 52 4 9 49 60 12 1 27 22 38 43 19 30 46 35 24 21 37 40 16 29 45 32 58 55 7 10 50 63 15 2
0 13 61 48 8 5 53 56 26 23 39 42 18 31 47 34 49 60 12 1 57 52 4 9 43 38 22 27 35 46 30 19 41 36 20 25 33 44 28 17 51 62 14 3 59 54 6 11 24 21 37 40 16 29 45 32 2 15 63 50 10 7 55 58
0 13 58 55 11 6 49 60 43 38 17 28 32 45 26 23 40 37 18 31 35 46 25 20 3 14 57 52 8 5 50 63 62 51 4 9 53 56 15 2 21 24 47 34 30 19 36 41 22 27 44 33 29 16 39 42 61 48 7 10 54 59 12 1
0 13 58 55 11 6 49 60 23 26 45 32 28 17 38 43 53 56 15 2 62 51 4 9 34 47 24 21 41 36 19 30 35 46 25 20 40 37 18 31 52 57 14 3 63 50 5 8 22 27 44 33 29 16 39 42 1 12 59 54 10 7 48 61
0 13 45 32 24 21 53 56 47 34 2 15 55 58 26 23 33 44 12 1 57 52 20 25 14 3 35 46 22 27 59 54 41 36 4 9 49 60 28 17 6 11 43 38 30 19 51 62 8 5 37 40 16 29 61 48 39 42 10 7 63 50 18 31
0 13 45 32 24 21 53 56 23 26 58 55 15 2 34 47 49 60 28 17 41 36 4 9 38 43 11 6 62 51 19 30 57 52 20 25 33 44 12 1 46 35 3 14 54 59 27 22 8 5 37 40 16 29 61 48 31 18 50 63 7 10 42 39
0 13 39 42 22 27 49 60 38 43 1 12 48 61 23 26 40 37 15 2 62 51 25 20 14 3 41 36 24 21 63 50 35 46 4 9 53 56 18 31 5 8 34 47 19 30 52 57 11 6 44 33 29 16 58 55 45 32 10 7 59 54 28 17
0 13 39 42 22 27 49 60 26 23 61 48 12 1 43 38 53 56 18 31 35 46 4 9 47 34 8 5 57 52 30 19 62 51 25 20 40 37 15 2 36 41 3 14 50 63 21 24 11 6 44 33 29 16 58 55 17 28 54 59 7 10 32 45
0 13 31 18 62 51 33 44 34 47 61 48 28 17 3 14 53 56 42 39 11 6 20 25 23 26 8 5 41 36 54 59 22 27 9 4 40 37 55 58 52 57 43 38 10 7 21 24 35 46 60 49 29 16 2 15 1 12 30 19 63 50 32 45
0 13 31 18 62 51 33 44 14 3 17 28 48 61 47 34 40 37 55 58 22 27 9 4 38 43 57 52 24 21 7 10 11 6 20 25 53 56 42 39 5 8 26 23 59 54 36 41 35 46 60 49 29 16 2 15 45 32 50 63 19 30 12 1
0 13 17 28 57 52 40 37 43 38 58 55 18 31 3 14 49 60 32 45 8 5 25 20 26 23 11 6 35 46 50 63 24 21 9 4 33 44 48 61 51 62 34 47 10 7 27 22 41 36 56 53 16 29 1 12 2 15 19 30 59 54 42 39
0 13 17 28 57 52 40 37 14 3 31 18 55 58 38 43 33 44 48 61 24 21 9 4 47 34 62 51 22 27 7 10 8 5 25 20 49 60 32 45 6 11 23 26 63 50 46 35 41 36 56 53 16 29 1 12 39 42 54 59 30 19 15 2
0 13 2 15 35 46 33 44 47 34 45 32 12 1 14 3 53 56 55 58 22 27 20 25 26 23 24 21 57 52 59 54 11 6 9 4 40 37 42 39 36 41 38 43 7 10 5 8 62 51 60 49 29 16 31 18 17 28 19 30 50 63 48 61
0 13 2 15 35 46 33 44 3 14 1 12 32 45 34 47 40 37 42 39 11 6 9 4 43 38 41 36 8 5 10 7 22 27 20 25 53 56 55 58 21 24 23 26 54 59 52 57 62 51 60 49 29 16 31 18 61 48 63 50 30 19 28 17
0 13 1 12 41 36 40 37 38 43 39 42 15 2 14 3 49 60 48 61 24 21 25 20 23 26 22 27 62 51 63 50 8 5 9 4 33 44 32 45 46 35 47 34 7 10 6 11 57 52 56 53 16 29 17 28 31 18 30 19 54 59 55 58
0 13 1 12 41 36 40 37 3 14 2 15 42 39 43 38 33 44 32 45 8 5 9 4 34 47 35 46 11 6 10 7 24 21 25 20 49 60 48 61 27 22 26 23 50 63 51 62 57 52 56 53 16 29 17 28 58 55 59 54 19 30 18 31
0 10 61 55 12 6 49 59 35 41 30 20 47 37 18 24 53 63 8 2 57 51 4 14 22 28 43 33 26 16 39 45 23 29 42 32 27 17 38 44 52 62 9 3 56 50 5 15 34 40 31 21 46 36 19 25 1 11 60 54 13 7 48 58
0 10 61 55 12 6 49 59 24 18 37 47 20 30 41 35 27 17 38 44 23 29 42 32 3 9 62 52 15 5 50 56 57 51 4 14 53 63 8 2 33 43 28 22 45 39 16 26 34 40 31 21 46 36 19 25 58 48 7 13 54 60 11 1
0 10 58 48 15 5 53 63 41 35 19 25 38 44 28 22 49 59 11 1 62 52 4 14 24 18 34 40 23 29 45 39 26 16 32 42 21 31 47 37 51 57 9 3 60 54 6 12 43 33 17 27 36 46 30 20 2 8 56 50 13 7 55 61
0 10 58 48 15 5 53 63 22 28 44 38 25 19 35 41 21 31 47 37 26 16 32 42 3 9 57 51 12 6 54 60 62 52 4 14 49 59 11 1 40 34 18 24 39 45 29 23 43 33 17 27 36 46 30 20 61 55 7 13 50 56 8 2
0 10 44 38 57 51 21 31 22 28 58 48 47 37 3 9 53 63 25 19 12 6 32 42 35 41 15 5 26 16 54 60 34 40 14 4 27 17 55 61 52 62 24 18 13 7 33 43 23 29 59 49 46 36 2 8 1 11 45 39 56 50 20 30
0 10 44 38 57 51 21 31 9 3 37 47 48 58 28 22 27 17 55 61 34 40 14 4 18 24 62 52 43 33 7 13 12 6 32 42 53 63 25 19 5 15 41 35 60 54 16 26 23 29 59 49 46 36 2 8 30 20 50 56 39 45 11 1
0 10 37 47 62 52 27 17 24 18 61 55 38 44 3 9 49 59 20 30 15 5 42 32 41 35 12 6 23 29 50 56 43 33 14 4 21 31 48 58 51 57 22 28 13 7 40 34 26 16 63 53 36 46 1 11 2 8 39 45 60 54 25 19
0 10 37 47 62 52 27 17 9 3 44 38 55 61 18 24 21 31 48 58 43 33 14 4 28 22 57 51 34 40 7 13 15 5 42 32 49 59 20 30 6 12 35 41 56 50 29 23 26 16 63 53 36 46 1 11 19 25 54 60 45 39 8 2
0 10 30 20 43 33 53 63 35 41 61 55 8 2 22 28 49 59 47 37 26 16 4 14 18 24 12 6 57 51 39 45 62 52 32 42 21 31 11 1 29 23 3 9 54 60 40 34 15 5 17 27 36 46 58 48 44 38 50 56 7 13 25 19
0 10 30 20 43 33 53 63 28 22 2 8 55 61 41 35 21 31 11 1 62 52 32 42 9 3 23 29 34 40 60 54 26 16 4 14 49 59 47 37 6 12 24 18 45 39 51 57 15 5 17 27 36 46 58 48 19 25 13 7 56 50 38 44
0 10 19 25 34 40 49 59 41 35 58 48 11 1 24 18 53 63 38 44 23 29 4 14 28 22 15 5 62 52 45 39 57 51 42 32 27 17 8 2 16 26 3 9 50 56 33 43 12 6 31 21 46 36 61 55 37 47 54 60 7 13 20 30
0 10 19 25 34 40 49 59 18 24 1 11 48 58 35 41 27 17 8 2 57 51 42 32 9 3 26 16 43 33 56 50 23 29 4 14 53 63 38 44 5 15 22 28 39 45 52 62 12 6 31 21 46 36 61 55 30 20 13 7 60 54 47 37
0 10 2 8 23 29 21 31 28 22 30 20 11 1 9 3 53 63 55 61 34 40 32 42 41 35 43 33 62 52 60 54 12 6 14 4 27 17 25 19 16 26 18 24 7 13 5 15 57 51 59 49 46 36 44 38 37 47 39 45 50 56 48 58
0 10 2 8 23 29 21 31 3 9 1 11 20 30 22 28 27 17 25 19 12 6 14 4 24 18 26 16 15 5 13 7 34 40 32 42 53 63 55 61 33 43 35 41 54 60 52 62 57 51 59 49 46 36 44 38 58 48 56 50 45 39 47 37
0 10 1 11 26 16 27 17 18 24 19 25 8 2 9 3 49 59 48 58 43 33 42 32 35 41 34 40 57 51 56 50 15 5 14 4 21 31 20 30 29 23 28 22 7 13 6 12 62 52 63 53 36 46 37 47 44 38 45 39 54 60 55 61
0 10 1 11 26 16 27 17 3 9 2 8 25 19 24 18 21 31 20 30 15 5 14 4 22 28 23 29 12 6 13 7 43 33 42 32 49 59 48 58 40 34 41 35 50 56 51 57 62 52 63 53 36 46 37 47 61 55 60 54 39 45 38 44
0 7 45 42 28 27 49 54 62 57 19 20 34 37 15 8 53 50 24 31 41 46 4 3 11 12 38 33 23 16 58 61 26 29 55 48 6 1 43 44 36 35 9 14 56 63 21 18 47 40 2 5 51 52 30 25 17 22 60 59 13 10 32 39
0 7 45 42 28 27 49 54 8 15 37 34 20 19 57 62 6 1 43 44 26 29 55 48 14 9 35 36 18 21 63 56 41 46 4 3 53 50 24 31 33 38 12 11 61 58 16 23 47 40 2 5 51 52 30 25 39 32 10 13 59 60 22 17
0 7 44 43 41 46 5 2 11 12 39 32 34 37 14 9 53 50 25 30 28 27 48 55 62 57 18 21 23 16 59 60 47 40 3 4 6 1 42 45 36 35 8 15 13 10 33 38 26 29 54 49 51 52 31 24 17 22 61 58 56 63 20 19
0 7 44 43 41 46 5 2 9 14 37 34 32 39 12 11 6 1 42 45 47 40 3 4 15 8 35 36 38 33 10 13 28 27 48 55 53 50 25 30 21 18 57 62 60 59 16 23 26 29 54 49 51 52 31 24 19 20 63 56 58 61 22 17
0 7 39 32 18 21 53 50 57 62 30 25 43 44 12 11 49 54 22 17 35 36 4 3 8 15 47 40 26 29 61 58 23 16 48 55 5 2 34 37 46 41 9 14 60 59 27 28 38 33 1 6 52 51 19 20 31 24 56 63 13 10 42 45
0 7 39 32 18 21 53 50 11 12 44 43 25 30 62 57 5 2 34 37 23 16 48 55 14 9 41 46 28 27 59 60 35 36 4 3 49 54 22 17 40 47 15 8 58 61 29 26 38 33 1 6 52 51 19 20 45 42 10 13 63 56 24 31
0 7 37 34 35 36 6 1 9 14 44 43 42 45 15 8 5 2 32 39 38 33 3 4 12 11 41 46 47 40 10 13 18 21 55 48 49 54 20 19 27 28 62 57 56 63 29 26 23 16 50 53 52 51 17 22 30 25 59 60 61 58 24 31
0 7 37 34 35 36 6 1 8 15 45 42 43 44 14 9 49 54 20 19 18 21 55 48 57 62 28 27 26 29 63 56 38 33 3 4 5 2 32 39 46 41 11 12 13 10 40 47 23 16 50 53 52 51 17 22 31 24 58 61 60 59 25 30
0 7 31 24 26 29 5 2 14 9 17 22 20 19 11 12 6 1 25 30 28 27 3 4 8 15 23 16 18 21 13 10 47 40 48 55 53 50 42 45 33 38 62 57 59 60 36 35 41 46 54 49 51 52 44 43 39 32 56 63 61 58 34 37
0 7 31 24 26 29 5 2 12 11 19 20 22 17 9 14 53 50 42 45 47 40 48 55 57 62 38 33 35 36 60 59 28 27 3 4 6 1 25 30 16 23 15 8 10 13 21 18 41 46 54 49 51 52 44 43 37 34 58 61 63 56 32 39
0 7 30 25 47 40 49 54 57 62 39 32 22 17 8 15 53 50 43 44 26 29 4 3 12 11 18 21 35 36 61 58 41 46 55 48 6 1 24 31 16 23 14 9 63 56 33 38 28 27 2 5 51 52 45 42 37 34 59 60 10 13 20 19
0 7 30 25 47 40 49 54 15 8 17 22 32 39 62 57 6 1 24 31 41 46 55 48 9 14 23 16 38 33 56 63 26 29 4 3 53 50 43 44 21 18 11 12 58 61 36 35 28 27 2 5 51 52 45 42 19 20 13 10 60 59 34 37
0 7 19 20 38 33 53 50 62 57 45 42 24 31 11 12 49 54 34 37 23 16 4 3 15 8 28 27 41 46 58 61 35 36 48 55 5 2 22 17 29 26 14 9 59 60 40 47 18 21 1 6 52 51 39 32 44 43 63 56 10 13 25 30
0 7 19 20 38 33 53 50 12 11 31 24 42 45 57 62 5 2 22 17 35 36 48 55 9 14 26 29 47 40 60 59 23 16 4 3 49 54 34 37 27 28 8 15 61 58 46 41 18 21 1 6 52 51 39 32 30 25 13 10 56 63 43 44
0 7 17 22 23 16 6 1 15 8 30 25 24 31 9 14 49 54 32 39 38 33 55 48 62 57 47 40 41 46 56 63 18 21 3 4 5 2 20 19 29 26 12 11 10 13 27 28 35 36 50 53 52 51 37 34 44 43 61 58 59 60 42 45
0 7 17 22 23 16 6 1 14 9 31 24 25 30 8 15 5 2 20 19 18 21 3 4 11 12 26 29 28 27 13 10 38 33 55 48 49 54 32 39 40 47 57 62 63 56 46 41 35 36 50 53 52 51 37 34 45 42 60 59 58 61 43 44
0 2 60 62 18 16 46 44 34 32 30 28 48 50 12 14 52 54 8 10 38 36 26 24 22 20 42 40 4 6 56 58 23 21 43 41 5 7 57 59 53 55 9 11 39 37 27 25 35 33 31 29 49 51 13 15 1 3 61 63 19 17 47 45
0 2 60 62 18 16 46 44 14 12 50 48 28 30 32 34 5 7 57 59 23 21 43 41 11 9 55 53 25 27 37 39 38 36 26 24 52 54 8 10 40 42 20 22 58 56 6 4 35 33 31 29 49 51 13 15 45 47 17 19 63 61 3 1
0 2 59 57 38 36 29 31 22 20 45 47 48 50 11 9 52 54 15 13 18 16 41 43 34 32 25 27 4 6 63 61 35 33 24 26 5 7 62 60 53 55 14 12 19 17 40 42 23 21 44 46 49 51 10 8 1 3 58 56 39 37 28 30
0 2 59 57 38 36 29 31 9 11 50 48 47 45 20 22 5 7 62 60 35 33 24 26 12 14 55 53 42 40 17 19 18 16 41 43 52 54 15 13 27 25 32 34 61 63 6 4 23 21 44 46 49 51 10 8 30 28 37 39 56 58 3 1
0 2 50 48 55 53 5 7 14 12 60 62 57 59 11 9 46 44 28 30 25 27 43 41 32 34 18 16 23 21 37 39 42 40 24 26 29 31 47 45 36 38 22 20 19 17 33 35 4 6 54 52 51 49 1 3 10 8 56 58 61 63 15 13
0 2 50 48 55 53 5 7 9 11 59 57 62 60 12 14 29 31 47 45 42 40 24 26 20 22 38 36 35 33 17 19 25 27 43 41 46 44 28 30 16 18 34 32 39 37 21 23 4 6 54 52 51 49 1 3 13 15 63 61 58 56 8 10
0 2 45 47 25 27 52 54 32 34 13 15 57 59 20 22 46 44 3 1 55 53 26 24 14 12 35 33 23 21 58 56 4 6 41 43 29 31 48 50 36 38 9 11 61 63 16 18 42 40 7 5 51 49 30 28 10 8 39 37 19 17 62 60
0 2 45 47 25 27 52 54 22 20 59 57 15 13 34 32 29 31 48 50 4 6 41 43 11 9 38 36 18 16 63 61 55 53 26 24 46 44 3 1 33 35 12 14 56 58 21 23 42 40 7 5 51 49 30 28 60 62 17 19 37 39 8 10
0 2 30 28 42 40 52 54 34 32 60 62 8 10 22 20 46 44 48 50 4 6 26 24 12 14 18 16 38 36 56 58 55 53 41 43 29 31 3 1 21 23 11 9 63 61 33 35 25 27 7 5 51 49 45 47 59 57 37 39 17 19 15 13
0 2 30 28 42 40 52 54 20 22 10 8 62 60 32 34 29 31 3 1 55 53 41 43 9 11 23 21 35 33 61 63 4 6 26 24 46 44 48 50 16 18 14 12 58 56 36 38 25 27 7 5 51 49 45 47 13 15 19 17 39 37 57 59
0 2 13 15 35 33 46 44 32 34 45 47 3 1 14 12 52 54 57 59 23 21 26 24 20 22 25 27 55 53 58 56 38 36 43 41 5 7 8 10 6 4 11 9 37 39 40 42 18 16 31 29 49 51 60 62 50 48 63 61 17 19 28 30
0 2 13 15 35 33 46 44 12 14 1 3 47 45 34 32 5 7 8 10 38 36 43 41 9 11 4 6 42 40 39 37 23 21 26 24 52 54 57 59 27 25 22 20 56 58 53 55 18 16 31 29 49 51 60 62 30 28 19 17 61 63 48 50
0 2 10 8 23 21 29 31 20 22 30 28 3 1 9 11 52 54 62 60 35 33 41 43 32 34 42 40 55 53 61 63 18 16 24 26 5 7 15 13 6 4 12 14 17 19 27 25 38 36 44 46 49 51 59 57 50 48 56 58 37 39 47 45
0 2 10 8 23 21 29 31 11 9 1 3 28 30 22 20 5 7 15 13 18 16 24 26 14 12 4 6 25 27 19 17 35 33 41 43 52 54 62 60 40 42 34 32 63 61 53 55 38 36 44 46 49 51 59 57 45 47 39 37 58 56 48 50
0 2 1 3 4 6 5 7 12 14 13 15 8 10 9 11 46 44 47 45 42 40 43 41 34 32 35 33 38 36 39 37 25 27 24 26 29 31 28 30 21 23 20 22 17 19 16 18 55 53 54 52 51 49 50 48 59 57 58 56 63 61 62 60
0 2 1 3 4 6 5 7 11 9 10 8 15 13 14 12 29 31 28 30 25 27 24 26 22 20 23 21 18 16 19 17 42 40 43 41 46 44 47 45 33 35 32 34 37 39 36 38 55 53 54 52 51 49 50 48 60 62 61 63 56 58 57 59
0 1 63 62 47 46 16 17 24 25 39 38 55 54 8 9 51 50 12 13 28 29 35 34 43 42 20 21 4 5 59 58 41 40 22 23 6 7 57 56 49 48 14 15 30 31 33 32 26 27 37 36 53 52 10 11 2 3 61 60 45 44 18 19
0 1 63 62 47 46 16 17 9 8 54 55 38 39 25 24 6 7 57 56 41 40 22 23 15 14 48 49 32 33 31 30 28 29 35 34 51 50 12 13 21 20 42 43 58 59 5 4 26 27 37 36 53 52 10 11 19 18 44 45 60 61 3 2
0 1 56 57 28 29 36 37 43 42 19 18 55 54 15 14 51 50 11 10 47 46 23 22 24 25 32 33 4 5 60 61 26 27 34 35 6 7 62 63 49 48 9 8 45 44 21 20 41 40 17 16 53 52 13 12 2 3 58 59 30 31 38 39
0 1 56 57 28 29 36 37 14 15 54 55 18 19 42 43 6 7 62 63 26 27 34 35 8 9 48 49 20 21 44 45 47 46 23 22 51 50 11 10 33 32 25 24 61 60 5 4 41 40 17 16 53 52 13 12 39 38 31 30 59 58 3 2
0 1 54 55 48 49 6 7 14 15 56 57 62 63 8 9 36 37 18 19 20 21 34 35 42 43 28 29 26 27 44 45 32 33 22 23 16 17 38 39 46 47 24 25 30 31 40 41 4 5 50 51 52 53 2 3 10 11 60 61 58 59 12 13
0 1 54 55 48 49 6 7 9 8 63 62 57 56 15 14 16 17 38 39 32 33 22 23 25 24 47 46 41 40 31 30 20 21 34 35 36 37 18 19 29 28 43 42 45 44 27 26 4 5 50 51 52 53 2 3 13 12 59 58 61 60 11 10
0 1 39 38 20 21 51 50 42 43 13 12 62 63 25 24 36 37 3 2 48 49 23 22 14 15 41 40 26 27 61 60 4 5 35 34 16 17 55 54 46 47 9 8 58 59 29 28 32 33 7 6 52 53 19 18 10 11 45 44 30 31 57 56
0 1 39 38 20 21 51 50 24 25 63 62 12 13 43 42 16 17 55 54 4 5 35 34 8 9 47 46 28 29 59 58 48 49 23 22 36 37 3 2 40 41 15 14 60 61 27 26 32 33 7 6 52 53 19 18 56 57 31 30 44 45 11 10
0 1 19 18 32 33 51 50 43 42 56 57 11 10 24 25 36 37 55 54 4 5 23 22 15 14 28 29 47 46 60 61 48 49 35 34 16 17 3 2 27 26 8 9 59 58 40 41 20 21 7 6 52 53 39 38 63 62 44 45 31 30 12 13
0 1 19 18 32 33 51 50 25 24 10 11 57 56 42 43 16 17 3 2 48 49 35 34 9 8 26 27 41 40 58 59 4 5 23 22 36 37 55 54 29 28 14 15 61 60 46 47 20 21 7 6 52 53 39 38 13 12 30 31 45 44 62 63
0 1 13 12 41 40 36 37 42 43 39 38 3 2 14 15 51 50 62 63 26 27 23 22 25 24 20 21 48 49 61 60 47 46 34 35 6 7 11 10 5 4 8 9 44 45 33 32 28 29 17 16 53 52 56 57 54 55 59 58 31 30 18 19
0 1 13 12 41 40 36 37 15 14 2 3 38 39 43 42 6 7 11 10 47 46 34 35 9 8 4 5 32 33 45 44 26 27 23 22 51 50 62 63 21 20 24 25 60 61 49 48 28 29 17 16 53 52 56 57 19 18 30 31 58 59 55 54
0 1 10 11 26 27 16 17 25 24 19 18 3 2 9 8 51 50 57 56 41 40 35 34 42 43 32 33 48 49 58 59 28 29 22 23 6 7 12 13 5 4 15 14 31 30 21 20 47 46 37 36 53 52 63 62 54 55 60 61 44 45 38 39
0 1 10 11 26 27 16 17 8 9 2 3 18 19 24 25 6 7 12 13 28 29 22 23 14 15 4 5 20 21 30 31 41 40 35 34 51 50 57 56 33 32 43 42 59 58 49 48 47 46 37 36 53 52 63 62 39 38 45 44 61 60 55 54
0 1 2 3 4 5 6 7 15 14 13 12 11 10 9 8 36 37 38 39 32 33 34 35 43 42 41 40 47 46 45 44 20 21 22 23 16 17 18 19 27 26 25 24 31 30 29 28 48 49 50 51 52 53 54 55 63 62 61 60 59 58 57 56
