6
10
0 1 2 3 4 5 6 7 8 9 10 11 12 13 14 15 16 17 18 19 20 21 22 23 24 25 26 27 28 29 30 31 32 33 34 35 36 37 38 39 40 41 42 43 44 45 46 47 48 49 50 51 52 53 54 55 56 57 58 59 60 61 62 63
0 46 14 32 10 36 4 42 38 8 40 6 44 2 34 12 19 61 29 51 25 55 23 57 53 27 59 21 63 17 49 31 45 3 35 13 39 9 41 7 11 37 5 43 1 47 15 33 62 16 48 30 52 26 58 20 24 54 22 56 18 60 28 50
0 46 14 32 4 42 10 36 8 38 6 40 12 34 2 44 51 29 61 19 55 25 57 23 59 21 53 27 63 17 49 31 3 45 13 35 7 41 9 39 11 37 5 43 15 33 1 47 48 30 62 16 52 26 58 20 56 22 54 24 60 18 50 28
0 44 13 33 11 39 6 42 37 9 40 4 46 2 35 15 16 60 29 49 27 55 22 58 53 25 56 20 62 18 51 31 47 3 34 14 36 8 41 5 10 38 7 43 1 45 12 32 63 19 50 30 52 24 57 21 26 54 23 59 17 61 28 48
0 44 13 33 6 42 11 39 9 37 4 40 15 35 2 46 49 29 60 16 55 27 58 22 56 20 53 25 62 18 51 31 3 47 14 34 5 41 8 36 10 38 7 43 12 32 1 45 50 30 63 19 52 24 57 21 59 23 54 26 61 17 48 28
0 15 34 45 40 39 10 5 41 38 11 4 1 14 35 44 51 60 17 30 27 20 57 54 26 21 56 55 50 61 16 31 47 32 13 2 7 8 37 42 6 9 36 43 46 33 12 3 28 19 62 49 52 59 22 25 53 58 23 24 29 18 63 48
0 15 34 45 10 5 40 39 38 41 4 11 44 35 14 1 30 17 60 51 20 27 54 57 56 55 26 21 50 61 16 31 32 47 2 13 42 37 8 7 6 9 36 43 12 3 46 33 62 49 28 19 52 59 22 25 24 23 58 53 18 29 48 63
0 12 35 47 40 36 11 7 41 37 10 6 1 13 34 46 49 61 18 30 25 21 58 54 24 20 59 55 48 60 19 31 45 33 14 2 5 9 38 42 4 8 39 43 44 32 15 3 28 16 63 51 52 56 23 27 53 57 22 26 29 17 62 50
0 12 35 47 11 7 40 36 37 41 6 10 46 34 13 1 30 18 61 49 21 25 54 58 59 55 24 20 48 60 19 31 33 45 2 14 42 38 9 5 4 8 39 43 15 3 44 32 63 51 28 16 52 56 23 27 26 22 57 53 17 29 50 62
0 1 2 3 6 7 4 5 9 8 11 10 15 14 13 12 19 18 17 16 21 20 23 22 26 27 24 25 28 29 30 31 33 32 35 34 39 38 37 36 40 41 42 43 46 47 44 45 50 51 48 49 52 53 54 55 59 58 57 56 61 60 63 62
