6
8
0 1 2 3 4 5 6 7 8 9 10 11 12 13 14 15 16 17 18 19 20 21 22 23 24 25 26 27 28 29 30 31 32 33 34 35 36 37 38 39 40 41 42 43 44 45 46 47 48 49 50 51 52 53 54 55 56 57 58 59 60 61 62 63
0 32 55 23 19 51 36 4 12 44 59 27 31 63 40 8 7 39 48 16 20 52 35 3 11 43 60 28 24 56 47 15 1 33 54 22 18 50 37 5 13 45 58 26 30 62 41 9 6 38 49 17 21 53 34 2 10 42 61 29 25 57 46 14
0 32 55 23 16 48 39 7 15 47 56 24 31 63 40 8 4 36 51 19 20 52 35 3 11 43 60 28 27 59 44 12 1 33 54 22 17 49 38 6 14 46 57 25 30 62 41 9 5 37 50 18 21 53 34 2 10 42 61 29 26 58 45 13
0 32 55 23 7 39 48 16 15 47 56 24 8 40 63 31 19 51 36 4 20 52 35 3 28 60 43 11 27 59 44 12 1 33 54 22 6 38 49 17 14 46 57 25 9 41 62 30 18 50 37 5 21 53 34 2 29 61 42 10 26 58 45 13
0 32 55 23 4 36 51 19 12 44 59 27 8 40 63 31 16 48 39 7 20 52 35 3 28 60 43 11 24 56 47 15 1 33 54 22 5 37 50 18 13 45 58 26 9 41 62 30 17 49 38 6 21 53 34 2 29 61 42 10 25 57 46 14
0 1 2 3 19 18 17 16 31 30 29 28 12 13 14 15 7 6 5 4 20 21 22 23 24 25 26 27 11 10 9 8 32 33 34 35 51 50 49 48 63 62 61 60 44 45 46 47 39 38 37 36 52 53 54 55 56 57 58 59 43 42 41 40
0 1 2 3 16 17 18 19 31 30 29 28 15 14 13 12 4 5 6 7 20 21 22 23 27 26 25 24 11 10 9 8 32 33 34 35 48 49 50 51 63 62 61 60 47 46 45 44 36 37 38 39 52 53 54 55 59 58 57 56 43 42 41 40
0 1 2 3 7 6 5 4 8 9 10 11 15 14 13 12 19 18 17 16 20 21 22 23 27 26 25 24 28 29 30 31 32 33 34 35 39 38 37 36 40 41 42 43 47 46 45 44 51 50 49 48 52 53 54 55 59 58 57 56 60 61 62 63
