6
8
0 1 2 3 4 5 6 7 8 9 10 11 12 13 14 15 16 17 18 19 20 21 22 23 24 25 26 27 28 29 30 31 32 33 34 35 36 37 38 39 40 41 42 43 44 45 46 47 48 49 50 51 52 53 54 55 56 57 58 59 60 61 62 63
0 1 2 3 62 63 60 61 47 46 45 44 17 16 19 18 13 12 15 14 51 50 49 48 34 35 32 33 28 29 30 31 26 27 24 25 36 37 38 39 53 52 55 54 11 10 9 8 23 22 21 20 41 40 43 42 56 57 58 59 6 7 4 5
0 1 2 3 62 63 60 61 44 45 46 47 18 19 16 17 14 15 12 13 48 49 50 51 34 35 32 33 28 29 30 31 26 27 24 25 36 37 38 39 54 55 52 53 8 9 10 11 20 21 22 23 42 43 40 41 56 57 58 59 6 7 4 5
0 1 2 3 62 63 60 61 11 10 9 8 53 52 55 54 41 40 43 42 23 22 21 20 34 35 32 33 28 29 30 31 26 27 24 25 36 37 38 39 17 16 19 18 47 46 45 44 51 50 49 48 13 12 15 14 56 57 58 59 6 7 4 5
0 1 2 3 62 63 60 61 8 9 10 11 54 55 52 53 42 43 40 41 20 21 22 23 34 35 32 33 28 29 30 31 26 27 24 25 36 37 38 39 18 19 16 17 44 45 46 47 48 49 50 51 14 15 12 13 56 57 58 59 6 7 4 5
0 1 2 3 4 5 6 7 47 46 45 44 43 42 41 40 55 54 53 52 51 50 49 48 24 25 26 27 28 29 30 31 32 33 34 35 36 37 38 39 15 14 13 12 11 10 9 8 23 22 21 20 19 18 17 16 56 57 58 59 60 61 62 63
0 1 2 3 4 5 6 7 44 45 46 47 40 41 42 43 52 53 54 55 48 49 50 51 24 25 26 27 28 29 30 31 32 33 34 35 36 37 38 39 12 13 14 15 8 9 10 11 20 21 22 23 16 17 18 19 56 57 58 59 60 61 62 63
0 1 2 3 4 5 6 7 11 10 9 8 15 14 13 12 19 18 17 16 23 22 21 20 24 25 26 27 28 29 30 31 32 33 34 35 36 37 38 39 43 42 41 40 47 46 45 44 51 50 49 48 55 54 53 52 56 57 58 59 60 61 62 63
