6
60
0 1 2 3 4 5 6 7 8 9 10 11 12 13 14 15 16 17 18 19 20 21 22 23 24 25 26 27 28 29 30 31 32 33 34 35 36 37 38 39 40 41 42 43 44 45 46 47 48 49 50 51 52 53 54 55 56 57 58 59 60 61 62 63
0 61 57 4 29 32 36 25 33 28 24 37 60 1 5 56 2 63 59 6 31 34 38 27 35 30 26 39 62 3 7 58 14 51 55 10 19 46 42 23 47 18 22 43 50 15 11 54 12 49 53 8 17 44 40 21 45 16 20 41 48 13 9 52
0 61 50 15 56 5 10 55 52 9 6 59 12 49 62 3 44 17 30 35 20 41 38 27 24 37 42 23 32 29 18 47 28 33 46 19 36 25 22 43 40 21 26 39 16 45 34 31 48 13 2 63 8 53 58 7 4 57 54 11 60 1 14 51
0 61 43 22 56 5 19 46 51 14 24 37 11 54 32 29 53 8 30 35 13 48 38 27 6 59 45 16 62 3 21 40 28 33 55 10 36 25 15 50 47 18 4 57 23 42 60 1 41 20 2 63 17 44 58 7 26 39 49 12 34 31 9 52
0 61 39 26 3 62 36 25 33 28 6 59 34 31 5 56 2 63 37 24 1 60 38 27 35 30 4 57 32 29 7 58 9 52 46 19 10 55 45 16 40 21 15 50 43 22 12 49 11 54 44 17 8 53 47 18 42 23 13 48 41 20 14 51
0 61 23 42 29 32 10 55 52 9 35 30 41 20 62 3 44 17 59 6 49 12 38 27 24 37 15 50 5 56 18 47 14 51 25 36 19 46 4 57 58 7 45 16 39 26 48 13 34 31 53 8 63 2 40 21 22 43 1 60 11 54 28 33
0 61 16 45 3 62 19 46 51 14 35 30 48 13 32 29 53 8 37 24 54 11 38 27 6 59 22 43 5 56 21 40 9 52 25 36 10 55 26 39 58 7 42 23 57 4 41 20 60 1 44 17 63 2 47 18 15 50 31 34 12 49 28 33
0 58 57 3 26 32 35 25 63 5 6 60 37 31 28 38 27 33 34 24 1 59 56 2 36 30 29 39 62 4 7 61 9 51 48 10 19 41 42 16 54 12 15 53 44 22 21 47 18 40 43 17 8 50 49 11 45 23 20 46 55 13 14 52
0 58 53 15 38 28 19 41 51 9 6 60 21 47 32 26 43 17 30 36 13 55 56 2 24 34 45 23 62 4 11 49 5 63 48 10 35 25 22 44 54 12 3 57 16 42 37 31 46 20 27 33 8 50 61 7 29 39 40 18 59 1 14 52
0 58 44 22 38 28 10 48 52 14 24 34 18 40 62 4 50 8 30 36 20 46 56 2 6 60 42 16 32 26 12 54 5 63 41 19 35 25 15 53 49 11 29 39 23 45 59 1 55 13 27 33 17 43 61 7 3 57 47 21 37 31 9 51
0 58 39 29 4 62 35 25 63 5 24 34 59 1 28 38 27 33 60 6 31 37 56 2 36 30 3 57 32 26 7 61 14 52 41 19 10 48 45 23 49 11 22 44 53 15 18 40 21 47 50 8 17 43 54 12 42 16 13 55 46 20 9 51
0 58 23 45 4 62 19 41 51 9 36 30 55 13 32 26 43 17 60 6 47 21 56 2 24 34 15 53 28 38 11 49 14 52 25 35 10 48 29 39 61 7 42 16 57 3 46 20 37 31 50 8 33 27 54 12 22 44 1 59 18 40 5 63
0 58 16 42 26 32 10 48 52 14 36 30 46 20 62 4 50 8 34 24 40 18 56 2 6 60 22 44 28 38 12 54 9 51 25 35 19 41 3 57 61 7 45 23 39 29 55 13 59 1 43 17 33 27 49 11 15 53 31 37 21 47 5 63
0 54 57 15 42 28 19 37 51 5 10 60 25 47 32 22 23 33 46 24 61 11 4 50 36 18 29 43 14 56 55 1 9 63 48 6 35 21 26 44 58 12 3 53 16 38 41 31 30 40 39 17 52 2 13 59 45 27 20 34 7 49 62 8
0 54 53 3 22 32 35 21 63 9 10 60 41 31 28 42 39 17 18 36 49 7 4 50 24 46 45 27 14 56 59 13 5 51 48 6 19 37 38 16 58 12 15 57 44 26 25 47 34 20 23 33 52 2 1 55 29 43 40 30 11 61 62 8
0 54 44 26 42 28 6 48 8 62 36 18 34 20 14 56 2 52 46 24 40 30 4 50 10 60 38 16 32 22 12 58 9 63 37 19 35 21 15 57 1 55 45 27 43 29 7 49 11 61 39 17 33 23 13 59 3 53 47 25 41 31 5 51
0 54 43 29 56 14 19 37 51 5 24 46 11 61 32 22 23 33 60 10 47 25 4 50 36 18 15 57 28 42 55 1 62 8 21 35 6 48 45 27 13 59 38 16 53 3 30 40 41 31 2 52 17 39 58 12 26 44 49 7 34 20 9 63
0 54 27 45 56 14 35 21 63 9 36 18 7 49 28 42 39 17 60 10 31 41 4 50 24 46 3 53 32 22 59 13 62 8 37 19 6 48 29 43 1 55 26 44 57 15 34 20 25 47 2 52 33 23 58 12 38 16 61 11 30 40 5 51
0 54 16 38 22 32 6 48 8 62 24 46 30 40 14 56 2 52 18 36 20 34 4 50 10 60 26 44 28 42 12 58 5 51 21 35 19 37 3 53 13 59 29 43 27 45 11 61 7 49 23 33 17 39 1 55 15 57 31 41 25 47 9 63
0 49 53 4 45 28 24 41 17 32 36 21 60 13 9 56 2 51 55 6 47 30 26 43 19 34 38 23 62 15 11 58 14 63 59 10 35 18 22 39 31 46 42 27 50 3 7 54 12 61 57 8 33 16 20 37 29 44 40 25 48 1 5 52
0 49 50 3 56 9 10 59 52 5 6 55 12 61 62 15 16 33 34 19 40 25 26 43 36 21 22 39 28 45 46 31 32 17 18 35 24 41 42 27 20 37 38 23 44 29 30 47 48 1 2 51 8 57 58 11 4 53 54 7 60 13 14 63
0 49 44 29 15 62 35 18 63 14 19 34 48 1 28 45 57 8 21 36 54 7 26 43 6 55 42 27 9 56 37 20 5 52 41 24 10 59 38 23 58 11 22 39 53 4 25 40 60 13 16 33 51 2 31 46 3 50 47 30 12 61 32 17
0 49 39 22 45 28 10 59 52 5 19 34 25 40 62 15 16 33 55 6 61 12 26 43 36 21 3 50 9 56 46 31 14 63 41 24 35 18 4 53 58 11 29 44 23 38 48 1 30 47 57 8 51 2 20 37 42 27 13 60 7 54 32 17
0 49 27 42 56 9 35 18 63 14 36 21 7 54 28 45 57 8 34 19 1 48 26 43 6 55 29 44 62 15 37 20 32 17 59 10 24 41 3 50 31 46 4 53 39 22 60 13 25 40 2 51 33 16 58 11 38 23 61 12 30 47 5 52
0 49 23 38 15 62 24 41 17 32 6 55 30 47 9 56 2 51 21 36 13 60 26 43 19 34 4 53 28 45 11 58 5 52 18 35 10 59 29 44 20 37 3 50 27 42 12 61 7 54 16 33 8 57 31 46 22 39 1 48 25 40 14 63
0 47 57 22 42 5 19 60 51 28 10 37 25 54 32 15 16 63 41 6 58 21 3 44 35 12 26 53 9 38 48 31 14 33 55 24 36 11 29 50 61 18 4 43 23 56 46 1 30 49 39 8 52 27 13 34 45 2 20 59 7 40 62 17
0 47 53 26 38 9 19 60 51 28 6 41 21 58 32 15 16 63 37 10 54 25 3 44 35 12 22 57 5 42 48 31 62 17 11 36 24 55 45 2 13 34 56 23 43 4 30 49 46 1 27 52 8 39 61 18 29 50 40 7 59 20 14 33
0 47 50 29 42 5 24 55 17 62 35 12 59 20 9 38 27 52 41 6 49 30 3 44 10 37 56 23 32 15 18 61 14 33 60 19 36 11 22 57 31 48 45 2 53 26 7 40 21 58 39 8 63 16 13 34 4 43 54 25 46 1 28 51
0 47 43 4 15 32 36 11 33 14 10 37 46 1 5 42 39 8 12 35 40 7 3 44 6 41 45 2 9 38 34 13 28 51 55 24 19 60 56 23 61 18 22 57 50 29 25 54 59 20 16 63 52 27 31 48 26 53 49 30 21 58 62 17
0 47 23 56 15 32 24 55 17 62 6 41 30 49 9 38 27 52 12 35 20 59 3 44 10 37 29 50 5 42 18 61 28 51 11 36 19 60 4 43 13 34 26 53 2 45 21 58 7 40 16 63 8 39 31 48 22 57 1 46 25 54 14 33
0 47 2 45 38 9 36 11 33 14 35 12 7 40 5 42 39 8 37 10 1 46 3 44 6 41 4 43 32 15 34 13 62 17 60 19 24 55 26 53 31 48 29 50 57 22 59 20 25 54 27 52 63 16 61 18 56 23 58 21 30 49 28 51
0 40 50 26 22 62 36 12 33 9 19 59 55 31 5 45 57 17 11 35 47 7 29 53 24 48 42 2 14 38 60 20 28 52 46 6 10 34 56 16 61 21 15 39 43 3 25 49 37 13 23 63 51 27 1 41 4 44 54 30 18 58 32 8
0 40 44 4 38 14 10 34 52 28 24 48 18 58 62 22 23 63 59 19 49 25 29 53 35 11 15 39 5 45 41 1 32 8 12 36 6 46 42 2 20 60 56 16 50 26 30 54 55 31 27 51 17 57 61 21 3 43 47 7 37 13 9 33
0 40 43 3 45 5 6 46 8 32 35 11 37 13 14 38 27 51 48 24 54 30 29 53 19 59 56 16 62 22 21 61 9 33 34 10 36 12 15 39 1 41 42 2 44 4 7 47 18 58 57 17 63 23 20 60 26 50 49 25 55 31 28 52
0 40 39 15 45 5 10 34 52 28 19 59 25 49 62 22 23 63 48 24 58 18 29 53 35 11 4 44 14 38 41 1 9 33 46 6 36 12 3 43 61 21 26 50 16 56 55 31 30 54 57 17 51 27 20 60 42 2 13 37 7 47 32 8
0 40 16 56 22 62 6 46 8 32 24 48 30 54 14 38 27 51 11 35 13 37 29 53 19 59 3 43 5 45 21 61 28 52 12 36 10 34 26 50 20 60 4 44 2 42 18 58 7 47 23 63 17 57 1 41 15 39 31 55 25 49 9 33
0 40 2 42 38 14 36 12 33 9 35 11 7 47 5 45 57 17 59 19 31 55 29 53 24 48 26 50 62 22 60 20 32 8 34 10 6 46 4 44 1 41 3 43 39 15 37 13 25 49 27 51 63 23 61 21 56 16 58 18 30 54 28 52
0 31 57 38 26 5 35 60 63 32 6 25 37 58 28 3 44 51 21 10 54 41 15 16 19 12 42 53 9 22 48 47 62 33 7 24 36 59 29 2 1 30 56 39 27 4 34 61 18 13 43 52 8 23 49 46 45 50 20 11 55 40 14 17
0 31 53 42 22 9 35 60 63 32 10 21 41 54 28 3 44 51 25 6 58 37 15 16 19 12 38 57 5 26 48 47 14 17 59 36 24 7 45 50 49 46 4 27 39 56 18 13 34 61 23 8 52 43 1 30 29 2 40 55 11 20 62 33
0 31 50 45 22 9 36 59 33 62 19 12 55 40 5 26 43 52 25 6 61 34 15 16 10 21 56 39 28 3 46 49 14 17 60 35 24 7 42 53 47 48 29 2 57 38 11 20 37 58 23 8 51 44 1 30 4 27 54 41 18 13 32 63
0 31 39 56 3 28 36 59 33 62 6 25 34 61 5 26 43 52 12 19 40 55 15 16 10 21 45 50 9 22 46 49 32 63 7 24 35 60 4 27 1 30 38 57 2 29 37 58 11 20 44 51 8 23 47 48 42 53 13 18 41 54 14 17
0 31 27 4 3 28 24 7 17 14 10 21 18 13 9 22 23 8 12 19 20 11 15 16 6 25 29 2 5 26 30 1 32 63 59 36 35 60 56 39 49 46 42 53 50 45 41 54 55 40 44 51 52 43 47 48 38 57 61 34 37 58 62 33
0 31 2 29 26 5 24 7 17 14 19 12 11 20 9 22 23 8 21 10 13 18 15 16 6 25 4 27 28 3 30 1 62 33 60 35 36 59 38 57 47 48 45 50 53 42 55 40 41 54 43 52 51 44 49 46 56 39 58 37 34 61 32 63
0 20 50 38 42 62 24 12 17 5 35 55 59 47 9 29 53 33 7 19 31 11 45 57 36 48 22 2 14 26 60 40 32 52 18 6 10 30 56 44 49 37 3 23 27 15 41 61 21 1 39 51 63 43 13 25 4 16 54 34 46 58 28 8
0 20 44 56 42 62 6 18 8 28 36 48 34 54 14 26 43 63 7 19 1 21 45 57 35 55 15 27 9 29 37 49 32 52 12 24 10 30 38 50 40 60 4 16 2 22 46 58 11 31 39 51 33 53 13 25 3 23 47 59 41 61 5 17
0 20 27 15 29 9 6 18 8 28 19 7 21 1 14 26 43 63 48 36 54 34 45 57 35 55 56 44 62 42 37 49 5 17 30 10 24 12 3 23 13 25 22 2 16 4 11 31 46 58 53 33 51 39 40 60 38 50 61 41 59 47 32 52
0 20 23 3 29 9 10 30 52 32 35 55 41 61 62 42 39 51 48 36 58 46 45 57 19 7 4 16 14 26 25 13 5 17 18 6 24 12 15 27 49 37 38 50 44 56 59 47 34 54 53 33 63 43 40 60 22 2 1 21 11 31 28 8
0 20 16 4 26 14 10 30 52 32 36 48 46 58 62 42 39 51 55 35 61 41 45 57 19 7 3 23 9 29 25 13 28 8 12 24 6 18 22 2 40 60 56 44 50 38 34 54 59 47 43 63 33 53 49 37 15 27 31 11 21 1 5 17
0 20 2 22 26 14 24 12 17 5 19 7 11 31 9 29 53 33 55 35 47 59 45 57 36 48 38 50 62 42 60 40 28 8 30 10 6 18 4 16 13 25 15 27 23 3 21 1 41 61 43 63 51 39 49 37 56 44 58 46 34 54 32 52
0 13 53 56 45 32 24 21 17 28 36 41 60 49 9 4 50 63 7 10 31 18 42 39 35 46 22 27 14 3 59 54 62 51 11 6 19 30 38 43 47 34 26 23 2 15 55 58 12 1 57 52 33 44 20 25 29 16 40 37 48 61 5 8
0 13 43 38 45 32 6 11 8 5 35 46 37 40 14 3 44 33 7 10 1 12 42 39 36 41 15 2 9 4 34 47 62 51 21 24 19 30 56 53 54 59 29 16 27 22 48 61 18 31 57 52 63 50 20 25 26 23 49 60 55 58 28 17
0 13 27 22 3 14 24 21 17 28 10 7 18 31 9 4 50 63 41 36 49 60 42 39 35 46 56 53 32 45 59 54 5 8 30 19 6 11 29 16 20 25 15 2 23 26 12 1 55 58 44 33 52 57 47 34 38 43 61 48 37 40 62 51
0 13 23 26 4 9 19 30 51 62 36 41 55 58 32 45 57 52 46 35 61 48 42 39 10 7 29 16 14 3 25 20 28 17 11 6 24 21 15 2 47 34 56 53 43 38 60 49 37 40 50 63 33 44 54 59 22 27 1 12 18 31 5 8
0 13 16 29 3 14 19 30 51 62 35 46 48 61 32 45 57 52 41 36 58 55 42 39 10 7 26 23 9 4 25 20 5 8 21 24 6 11 22 27 54 59 38 43 53 56 37 40 60 49 44 33 63 50 47 34 15 2 31 18 12 1 28 17
0 13 2 15 4 9 6 11 8 5 10 7 12 1 14 3 44 33 46 35 40 37 42 39 36 41 38 43 32 45 34 47 28 17 30 19 24 21 26 23 20 25 22 27 16 29 18 31 48 61 50 63 52 57 54 59 56 53 58 55 60 49 62 51
0 1 57 56 29 28 36 37 33 32 24 25 60 61 5 4 50 51 11 10 47 46 22 23 19 18 42 43 14 15 55 54 62 63 7 6 35 34 26 27 31 30 38 39 2 3 59 58 12 13 53 52 17 16 40 41 45 44 20 21 48 49 9 8
0 1 44 45 15 14 35 34 63 62 19 18 48 49 28 29 53 52 25 24 58 59 22 23 10 11 38 39 5 4 41 40 9 8 37 36 6 7 42 43 54 55 26 27 57 56 21 20 60 61 16 17 51 50 31 30 3 2 47 46 12 13 32 33
0 1 43 42 15 14 36 37 33 32 10 11 46 47 5 4 50 51 25 24 61 60 22 23 19 18 56 57 28 29 55 54 9 8 34 35 6 7 45 44 40 41 3 2 39 38 12 13 59 58 16 17 52 53 31 30 26 27 49 48 21 20 62 63
0 1 39 38 4 5 35 34 63 62 24 25 59 58 28 29 53 52 18 19 49 48 22 23 10 11 45 44 14 15 41 40 32 33 7 6 36 37 3 2 31 30 56 57 27 26 60 61 21 20 50 51 17 16 54 55 42 43 13 12 46 47 9 8
0 1 27 26 29 28 6 7 8 9 19 18 21 20 14 15 16 17 11 10 13 12 22 23 24 25 3 2 5 4 30 31 62 63 37 36 35 34 56 57 54 55 45 44 43 42 48 49 46 47 53 52 51 50 40 41 38 39 61 60 59 58 32 33
