6
10
0 1 2 3 4 5 6 7 8 9 10 11 12 13 14 15 16 17 18 19 20 21 22 23 24 25 26 27 28 29 30 31 32 33 34 35 36 37 38 39 40 41 42 43 44 45 46 47 48 49 50 51 52 53 54 55 56 57 58 59 60 61 62 63
0 59 56 3 4 63 60 7 12 55 52 15 8 51 48 11 46 21 22 45 42 17 18 41 34 25 26 33 38 29 30 37 32 27 24 35 36 31 28 39 44 23 20 47 40 19 16 43 14 53 54 13 10 49 50 9 2 57 58 1 6 61 62 5
0 59 19 40 37 30 54 13 12 55 31 36 41 18 58 1 5 62 22 45 32 27 51 8 9 50 26 33 44 23 63 4 42 17 57 2 15 52 28 39 38 29 53 14 3 56 16 43 47 20 60 7 10 49 25 34 35 24 48 11 6 61 21 46
0 36 56 28 10 46 50 22 29 57 37 1 23 51 47 11 63 27 7 35 53 17 13 41 34 6 26 62 40 12 16 52 49 21 9 45 59 31 3 39 44 8 20 48 38 2 30 58 14 42 54 18 4 32 60 24 19 55 43 15 25 61 33 5
0 36 2 38 52 16 54 18 29 57 31 59 41 13 43 15 5 33 7 35 49 21 51 23 24 60 26 62 44 8 46 10 53 17 55 19 1 37 3 39 40 12 42 14 28 56 30 58 48 20 50 22 4 32 6 34 45 9 47 11 25 61 27 63
0 15 35 44 31 16 60 51 23 24 52 59 8 7 43 36 46 33 13 2 49 62 18 29 57 54 26 21 38 41 5 10 20 27 55 56 11 4 40 39 3 12 32 47 28 19 63 48 58 53 25 22 37 42 6 9 45 34 14 1 50 61 17 30
0 15 19 28 10 5 25 22 23 24 4 11 29 18 14 1 30 17 13 2 20 27 7 8 9 6 26 21 3 12 16 31 49 62 34 45 59 52 40 39 38 41 53 58 44 35 63 48 47 32 60 51 37 42 54 57 56 55 43 36 50 61 33 46
0 11 45 38 52 63 25 18 41 34 4 15 29 22 48 59 30 21 51 56 42 33 7 12 55 60 26 17 3 8 46 37 53 62 24 19 1 10 44 39 28 23 49 58 40 35 5 14 43 32 6 13 31 20 50 57 2 9 47 36 54 61 27 16
0 11 35 40 37 46 6 13 41 34 10 1 12 7 47 36 16 27 51 56 53 62 22 29 57 50 26 17 28 23 63 52 42 33 9 2 15 4 44 39 3 8 32 43 38 45 5 14 58 49 25 18 31 20 60 55 19 24 48 59 54 61 21 30
0 1 45 44 31 30 50 51 8 9 37 36 23 22 58 59 63 62 18 19 32 33 13 12 55 54 26 27 40 41 5 4 20 21 57 56 11 10 38 39 28 29 49 48 3 2 46 47 43 42 6 7 52 53 25 24 35 34 14 15 60 61 17 16
