10
0
1
2 3 4 5 10 16 17 28 29 68 76 77 94 95 132 133 146 156 157 221
6 7 8 9 12 13 20 21 22 23 64 65 70 71 74 78 79 80 81 82 130 131 134 135 137 142 143 152 153 154 194 195 198 202 204 205 208 209 211 212 216 217 218 219
11 15 26 69 85 89 145 147 150 193 220 223
14 18 19 24 25 27 30 31 66 67 72 73 84 86 87 88 90 91 92 93 128 129 138 139 140 141 144 148 149 151 158 159 192 196 197 200 201 206 207 222
32 34 36 38 43 44 46 49 54 59 96 98 100 102 104 106 111 112 115 116 119 123 125 126 161 163 164 166 169 171 173 177 178 180 183 185 189 190 225 230 236 240 243 245 246 249 250 253
33 35 37 39 40 42 45 47 48 51 52 55 57 58 60 63 97 99 101 103 105 107 108 110 113 114 117 118 121 122 124 127 160 162 165 167 168 170 172 174 176 179 181 182 184 187 188 191 224 226 229 231 233 235 237 239 241 242 244 247 248 251 252 255
41 50 53 56 61 62 109 120 175 186 227 228 232 234 238 254
75 83 136 155 199 203 210 213 214 215
