11
0
1 4 10 15 18 19 29 34 40 44 58 63 70 84 85 90 100 101 107 111 120 134 137 141 145 149 155 164 165 170 178 179 189 192 193 210 214 217 220 226 227 231 232 244 245 250
2 61 89 194
3 8 26 31 33 36 37 42 47 50 57 64 65 74 78 82 83 86 87 92 105 112 113 123 127 139 151 156 162 163 168 172 186 191 195 198 199 200 205 212 213 218 222 224 225 234 238 242 243 246 249 252
5 25 35 66 67 71 72 77 94 125 135 144 148 158 160 161 175 185 202 206 211 215 230 237 254
6 9 16 17 43 55 56 68 88 93 99 103 104 109 116 117 126 128 129 143 167 173 181 187 208 219 223 235
7 13 20 21 27 30 46 54 60 69 75 79 98 102 122 132 133 138 146 147 153 157 166 169 176 177 180 190 201 204 209 228 229 239 248 253
11 95 236
12 32 51 108 142 150 152 247
14 22 23 38 39 48 49 52 53 59 76 80 81 91 96 97 106 110 114 115 118 119 121 130 131 136 140 154 159 171 174 182 183 184 188 196 197 203 207 240 241 251
24 28 41 45 62 73 124 216 221 233 255
