10
0
1
2 4 10 11 14 15 16 18 19 24 25 26 27 29 31 66 68 69 72 76 84 85 86 87 88 89 91 92 93 95 128 129 133 138 139 141 144 145 146 147 149 150 151 157 159 192 193 196 197 201 206 207 220 221 222 223
3 5 17 28 30 67 73 77 90 94 132 140 148 156 158 200
6 8 13 20 23 64 70 74 75 78 79 81 82 83 130 135 136 137 143 152 153 154 155 194 198 199 202 203 205 209 210 211 212 213 217 218
7 9 12 21 22 65 71 80 131 134 142 195 204 208 214 215 216 219
32 41 46 53 56 61 62 106 116 120 180 186 190 228 230 253
33 35 40 47 52 55 57 60 63 103 107 113 114 117 118 121 122 124 160 165 167 170 172 176 181 187 191 224 229 231 244 252
34 36 38 43 44 49 50 54 59 96 98 100 102 104 109 111 112 115 119 123 125 126 161 163 164 166 169 171 173 175 177 178 183 185 189 225 227 232 234 236 238 240 243 245 246 249 250 254
37 39 42 45 48 51 58 97 99 101 105 108 110 127 162 168 174 179 182 184 188 226 233 235 237 239 241 242 247 248 251 255
