11
0
1 214 215
2 3 4 5 9 16 17 18 19 22 24 25 28 29 30 31 65 66 67 71 72 73 76 77 90 91 92 93 94 95 128 129 131 132 133 140 141 142 148 149 156 157 158 159 200 201 204 216
6 7 10 11 12 13 14 15 20 21 26 27 68 69 75 80 81 83 84 85 88 89 134 135 136 144 145 146 147 150 151 155 192 193 194 195 199 203 208 209 210 213 218 219 220 221 222 223
8 23 64 70 78 79 86 87 130 138 139 143 152 153 196 197 205 206 207 217
32 35 37 39 41 43 45 46 49 53 55 56 58 61 62 97 98 101 103 104 106 113 114 116 118 120 122 124 160 163 165 167 168 170 172 176 180 184 186 189 190 224 228 230 244 246 249 253
33 47 107 117 181 191 231 252
34 112 119 123 164 171 177 225
36 38 40 42 44 48 51 52 54 57 59 60 63 96 99 100 102 105 108 111 115 121 125 126 161 162 166 169 173 174 178 183 185 187 188 226 229 233 235 236 239 240 243 245 247 248 250 255
50 109 110 127 175 179 182 227 232 234 237 238 241 242 251 254
74 82 137 154 198 202 211 212
